phi = Statevector([ 0.05264797+0.00780318j,  0.13493113-0.2381773j ,
              0.2660023 -0.11763598j,  0.48456657-0.34166062j,
             -0.02828968-0.18575701j,  0.09245707+0.18140078j,
              0.05294933+0.12206993j,  0.09663885+0.09216192j,
              0.10780565+0.18036099j,  0.07305488+0.23662557j,
              0.33597745+0.09355293j, -0.11541276-0.05977744j,
             -0.10156952+0.07170715j, -0.0266277 +0.06043504j,
             -0.20543635-0.06476526j, -0.2205096 -0.12227869j],
            dims=(2, 2, 2, 2))

L = 1:
theta0 = [3.29695067 5.96260889 1.91968786 1.57865397 2.39935707 2.10463804
 2.71112055 1.17237761]
theta_result = [ 3.29695067  5.96260889  1.91968786  1.57865397  2.50376457  2.36743051
 -0.26182805  0.63707951]
epsilon = 0.8448820288360006
Function evaluations: 198
Gradient evaluations: 22
Warning: 0 (see https://docs.scipy.org/doc/scipy/reference/generated/scipy.optimize.fmin_cg.html for details)

L = 2:
theta0 = [4.03478896 3.73120187 4.00703266 0.69495237 1.77685256 0.06649829
 1.52376275 4.00366778 0.1490302  3.0404577  1.72102666 0.11704845
 4.81475644 6.1642423  0.18700314 2.98088361]
theta_result = [ 4.03478896  3.73120187  4.00703266  0.69495237  4.16465674 -0.79696565
 -0.81440441  4.17648126 -0.71654836  1.60994823  0.78258397  0.04110206
  6.86695843  9.10218976 -0.23881502  4.16686911]
epsilon = 0.31309212629269334
Function evaluations: 1037
Gradient evaluations: 61
Warning: 0 (see https://docs.scipy.org/doc/scipy/reference/generated/scipy.optimize.fmin_cg.html for details)

L = 3:
theta0 = [3.44251158 0.10022756 4.29698488 4.5155314  4.07002963 5.93053153
 0.82946283 2.80170441 3.95396629 4.46074151 5.20465164 3.73472037
 5.5765439  0.55411187 4.86517402 1.39740462 2.90625012 4.36857692
 5.87981965 5.00458995 3.31262441 2.99671305 1.02144886 5.04479504]
theta_result = [3.44251158 0.10022756 4.29698488 4.5155314  2.44694472 6.9352066
 0.5408654  4.18270263 3.15782768 3.24497242 3.73988534 3.70037347
 4.71041234 1.24390339 4.15336295 0.28582605 4.22573583 4.90907092
 5.69978445 5.54398579 3.69672267 2.6647829  3.31985961 3.60097607]
epsilon = 0.06638133970184966
Function evaluations: 6000
Gradient evaluations: 240
Warning: 0 (see https://docs.scipy.org/doc/scipy/reference/generated/scipy.optimize.fmin_cg.html for details)

L = 4:
theta0 = [0.14711222 4.27155598 5.74681357 5.70311913 3.25363544 0.24730434
 0.53765578 4.46243049 3.67196797 4.28831538 2.3432052  0.45995328
 2.44422732 1.0597377  1.29754147 3.12417924 3.14369591 0.36455187
 0.29367635 4.90404964 5.40492122 1.84787555 3.65666463 4.30307935
 0.16104956 2.55273122 4.07777604 1.195394   3.09860971 3.41325195
 0.01320802 2.04867387]
theta_result = [ 0.14711222  4.27155598  5.74681357  5.70311913  3.81353591  0.17413306
  1.21798369  4.17411662  4.17841266  4.14116634  0.47348914  1.36605357
  1.9694242   1.9737708   2.53363556  4.70723237  3.69584115  1.36685171
 -1.27116196  5.51855504  5.42478042  2.30091103  2.58617792  4.17114315
  1.36793091  2.04023303  3.7338585   0.37757621  3.00590997  4.0012757
 -0.29764389  2.122296  ]
epsilon = 0.005202072054704219
Function evaluations: 15147
Gradient evaluations: 459
Warning: 0 (see https://docs.scipy.org/doc/scipy/reference/generated/scipy.optimize.fmin_cg.html for details)

L = 5:
theta0 = [4.97324001 4.52656101 3.3177009  3.43221527 3.5696593  0.32500952
 4.68444676 0.29275042 5.36595162 3.59804925 0.19322839 3.47604643
 4.2724368  2.99135211 4.35230121 0.28544596 1.66965847 1.28329869
 2.59136872 2.92335743 1.15615088 3.40922897 4.02166173 5.90576404
 0.6248776  5.30055919 2.80336085 5.1302054  5.03741807 4.85532514
 3.58045392 3.3423264  5.81216472 2.39918397 5.4272093  5.50517118
 1.00184954 5.35622159 2.31847805 3.30910648]
theta_result = [ 4.97324001  4.52656101  3.3177009   3.43221527  3.45594271  0.9531965
  5.46543161  1.16772595  4.78451345  4.98362262  0.10424109  4.26352853
  5.13115732  2.02687032  2.91395191  1.06476031  1.91316551  1.3120747
  2.54901653  3.46399184  1.54859626  3.07530696  3.44232702  5.54385267
  0.54977961  5.39548548  3.00937973  5.26304236  5.35641677  5.62398166
  2.60877393  3.94684666  6.24482657  3.36355682  5.41758849  4.41150254
 -0.51223554  4.54912147  3.14082297  2.82645751]
epsilon = 2.0473711466318358e-08
Function evaluations: 17507
Gradient evaluations: 427
Warning: 0 (see https://docs.scipy.org/doc/scipy/reference/generated/scipy.optimize.fmin_cg.html for details)

L = 6:
theta0 = [0.13276418 3.92810533 3.00840929 4.49506503 3.28941226 2.00315183
 0.80299463 1.13089411 5.36144428 4.05163703 1.20796742 2.71719555
 4.88581782 0.38117805 5.91731323 2.67246383 0.14754047 5.61682363
 6.15833389 1.06307619 0.58675146 3.66012868 4.94243438 0.3270243
 6.18944361 3.14097603 5.72266614 1.73349463 5.25164897 6.17179675
 3.1789322  4.68225322 0.98538041 4.33852279 4.47820204 5.45030641
 1.9494844  0.8976336  1.99108257 1.1392904  4.39908571 4.60207479
 1.41873348 4.31856363 4.0522733  2.85459475 2.84662382 1.12728261]
theta_result = [0.13276418 3.92810533 3.00840929 4.49506503 3.66214556 0.86771116
 0.70893604 0.72196551 5.14353513 4.22776038 1.29899369 3.06098026
 4.41587226 0.48496077 6.66715641 3.49897017 0.3987781  5.51899649
 6.30367152 0.74602953 1.24144326 4.36036201 4.69539986 0.39205069
 5.56951819 3.15661088 5.40141972 1.9867151  4.80762416 5.96201853
 2.5206323  5.43263475 1.22089086 4.53089954 4.59471646 5.65088811
 1.34604006 0.76419763 2.41487455 2.1578745  4.65871362 4.65140436
 1.19019806 3.54194221 3.75274955 1.61852207 1.96460408 1.36295804]
epsilon = 1.598106102933828e-09
Function evaluations: 9065
Gradient evaluations: 185
Warning: 0 (see https://docs.scipy.org/doc/scipy/reference/generated/scipy.optimize.fmin_cg.html for details)

L = 7:
theta0 = [0.16558959 1.90987441 0.6278204  6.01611919 5.40793    2.21102705
 6.15839386 1.70876542 0.65787356 0.28462826 5.76099067 4.22908566
 1.64288494 5.88994994 2.41758357 4.90276608 3.89137354 3.51897384
 6.26189719 2.40680523 1.83274123 5.99477408 0.67817622 2.66260831
 1.91019775 5.87205538 1.52884748 5.18418969 2.18662685 3.91996536
 0.87586624 2.87720552 0.64369135 1.09366656 6.2258853  5.53501939
 3.80299073 1.83531512 3.55286327 3.26523585 4.29558239 1.00575192
 5.87718227 4.51673991 2.39581054 4.43201397 5.55769452 3.48580819
 5.04102748 3.65233792 3.46383042 1.41185703 4.85515811 5.72341804
 6.18221179 0.1303606 ]
theta_result = [ 0.16558959  1.90987441  0.6278204   6.01611919  5.3266118   1.92472661
  6.47047022  2.54281087  0.6111296   0.06452603  5.53879473  4.09934197
  1.52531614  6.14455338  2.54318125  5.20968659  3.75956927  3.40465629
  6.28449918  2.40377701  1.72603958  5.77366263  0.92455099  3.16440846
  1.65019328  5.91666404  1.12164862  5.00852113  2.61368153  4.26018645
  0.45088193  2.93813238  0.61276838  0.41966901  6.33622056  5.83303187
  2.95605117  1.4849313   3.82071805  4.74136561  4.40884051  1.42091784
  5.84938537  4.95049212  2.61535072  4.06091036  5.81782696  3.75874311
  4.7308285   3.71046686  3.52119102  0.56965743  4.80163458  5.49810971
  6.28079048 -0.60212341]
epsilon = 1.4178713259674905e-09
Function evaluations: 11799
Gradient evaluations: 207
Warning: 0 (see https://docs.scipy.org/doc/scipy/reference/generated/scipy.optimize.fmin_cg.html for details)

L = 8:
theta0 = [1.11231484 0.22020726 2.72320206 3.10253912 3.84293617 5.40401316
 3.77064749 2.87303848 1.1655743  4.40408467 4.23921569 3.27100711
 3.39100786 1.50954081 1.28395537 0.38194584 3.59534747 5.53693607
 5.22832723 1.08015922 5.04089209 4.64719809 4.05398886 0.27152297
 0.05589971 1.04986684 3.94765742 4.14042556 4.33026555 0.73895419
 2.51640242 5.78177865 4.23545822 1.19611597 1.28216639 5.87169624
 1.93904706 0.55646172 4.8625383  3.27575229 0.3605679  0.16403627
 1.58788885 6.01692333 2.42535534 5.01610128 4.6519987  2.67436988
 1.69399248 2.45803143 3.67300091 1.76013304 0.1866623  3.42029122
 3.1272622  0.38051862 1.96509313 0.41986556 4.45352123 2.74038933
 0.4812435  3.65594415 0.62781742 0.7982895 ]
theta_result = [ 1.11231484  0.22020726  2.72320206  3.10253912  4.36136139  5.35937427
  3.83903883  3.00803845  1.14491882  4.59459796  3.74159378  3.09434879
  2.66506562  1.86161764  1.54554432  0.74254669  3.70703556  5.70293328
  5.27326715  1.15359535  5.04485263  4.48980559  3.52149142  0.70150962
  0.32291242  1.00286499  3.74038679  4.16242437  3.83596053  0.62302964
  2.20116946  5.26966443  4.78747073  1.40361793  0.85969267  5.78065349
  1.32597245  0.61679816  4.71127907  3.30576995 -0.03588178  0.32332311
  1.16865453  6.06120394  3.21474975  4.64546906  4.89187365  2.4864111
  1.87023817  2.96690068  3.49355224  1.44160532  0.78115171  2.91681866
  3.5067069   1.21532319  2.290746    0.12260146  4.6275084   2.69358818
  0.75352648  3.06543389  0.0528206   0.69733784]
epsilon = 8.104405575126874e-11
Function evaluations: 6955
Gradient evaluations: 107
Warning: 0 (see https://docs.scipy.org/doc/scipy/reference/generated/scipy.optimize.fmin_cg.html for details)

L = 9:
theta0 = [1.22873976 3.65550945 4.89753911 3.88752218 0.83799685 5.02087022
 5.98150013 5.53367007 1.87329564 4.10555207 4.07834146 0.18345844
 3.22749196 0.65393811 6.13516972 4.10841898 4.92367565 3.49710042
 0.04435663 2.81155944 5.00956316 3.71745133 4.4291821  4.22016531
 0.35171711 3.66102212 2.90268034 1.90761292 4.2284911  3.33450134
 4.25616137 3.80274931 2.70839351 4.1498998  4.38899387 3.24654062
 4.17394701 0.35908058 0.07633666 3.37427589 4.4669038  2.59264716
 4.4958532  3.77588009 1.92726235 2.74997953 1.5657648  2.2678114
 1.1642119  5.43130309 2.74608903 2.91107905 3.24998685 5.60478182
 5.1953165  2.10424893 4.61357584 5.76884768 2.02082398 1.6419167
 3.05869613 1.97688305 4.33264513 4.6968647  1.11943874 5.25905855
 4.04247209 3.83062958 1.28116353 0.27304584 4.96066477 3.57026797]
theta_result = [ 1.22873976  3.65550945  4.89753911  3.88752218  1.16618534  4.87835437
  5.9207849   5.32374603  1.98349665  4.87899044  4.16430281  0.24847447
  3.64598241  0.56921334  6.50344505  4.20609278  4.96392996  3.98872749
  0.06250441  2.50967133  4.80830648  3.80542958  5.03740179  4.24843617
  0.19197133  3.56183602  2.54502652  2.12772544  3.92437994  3.10831688
  4.73991562  4.42694409  2.67076206  4.25454731  4.53765153  3.02858085
  3.84802114  0.26494361 -0.21329826  2.84555652  4.26063272  2.51009674
  4.83217349  4.08352624  1.38564798  2.82672085  1.31161392  2.36042023
  1.09527659  5.55571165  2.75158251  3.16246255  3.51032864  5.74252511
  4.98264858  2.5715012   4.53901502  6.48357978  2.1438401   0.98742624
  2.79241108  1.52538258  4.18831887  4.72755079  1.24008968  4.70709598
  4.39534968  4.14635347  1.37768457  0.2585979   4.73586303  3.70596077]
epsilon = 5.506894373143519e-10
Function evaluations: 7665
Gradient evaluations: 105
Warning: 0 (see https://docs.scipy.org/doc/scipy/reference/generated/scipy.optimize.fmin_cg.html for details)

L = 10:
theta0 = [2.39467908 0.43620337 2.56612137 0.5607041  4.10238972 3.24475592
 4.75730472 3.07519739 2.39445086 4.72336852 4.31364707 1.12555752
 0.14749756 5.38681706 0.18969218 1.94729161 1.66714045 5.23749264
 5.20205852 2.37943507 5.00163537 0.95126685 5.61214682 1.75899065
 0.92523904 2.51707395 3.9390081  1.55323729 2.51935102 1.65013817
 4.59717948 2.4042876  3.77845687 2.93276679 5.65142217 1.95726053
 0.98569788 2.2517438  1.36735926 0.89435238 5.57020189 5.49749634
 4.85788989 2.73240768 5.51950877 2.86797456 0.89766774 2.78796523
 4.93323485 1.92826833 4.20014461 3.97176906 1.47102948 4.75678144
 5.10736927 2.58798875 6.18664541 3.46389821 5.8765649  5.40466492
 2.87517435 2.44533841 4.62035854 3.49748536 6.06830537 2.50502385
 4.15578192 4.76331285 0.34620898 5.09605761 1.65541161 0.18499994
 0.48239265 3.18417205 4.37949648 3.26352072 2.22030864 5.61553858
 2.28039341 2.14843867]
theta_result = [2.39467908 0.43620337 2.56612137 0.5607041  4.42647526 3.21220169
 4.40424912 3.22054697 2.5081144  4.60167785 3.96673009 1.07447972
 0.13151402 6.07353189 0.00694432 2.05421407 1.7886125  4.88380366
 4.81031875 2.35119927 5.02894095 0.87963211 5.1841207  2.12898546
 1.09513914 1.99911557 3.32714291 1.85444299 2.54649425 1.93425533
 4.96671967 2.06496913 3.69806349 2.73656022 6.10943429 1.97861386
 1.18366767 2.34490159 1.21011409 0.33041251 5.61883171 6.0314269
 4.95312197 2.87562414 5.20912426 2.65880979 1.5564303  2.88018971
 4.84871039 1.57294674 4.6292123  3.77355695 1.4955434  4.77137596
 4.98263258 2.5489013  6.15242442 3.45662387 5.81832629 5.68749006
 2.34631908 2.84988557 4.56744374 3.77487556 5.93138188 2.52492365
 4.63264352 4.76103555 0.36123663 5.4573267  1.24601237 0.00765271
 0.32953922 3.43647509 4.0572868  3.32292611 2.0377218  5.70925285
 2.69152271 2.06080806]
epsilon = 8.335677790166451e-10
Function evaluations: 9639
Gradient evaluations: 119
Warning: 0 (see https://docs.scipy.org/doc/scipy/reference/generated/scipy.optimize.fmin_cg.html for details)

