phi = Statevector([-0.1398623 -0.05808387j,  0.05964416+0.09309512j,
              0.08619437-0.0709872j , -0.09532434+0.35488814j,
              0.00590208-0.06774218j,  0.03954778-0.03648949j,
              0.14476394+0.15430271j,  0.06836803+0.23661361j,
              0.4301096 +0.07678084j, -0.09428463-0.20009902j,
             -0.02659569-0.31670621j, -0.190287  -0.37463162j,
              0.07952445-0.12685617j,  0.2801037 -0.16710875j,
              0.03980369-0.08934474j, -0.09377439-0.19961667j],
            dims=(2, 2, 2, 2))

L = 1:
theta0 = [6.13480087 2.33455923 4.83595374 1.91482084 3.31781511 2.49581259
 6.02986609 3.46340389]
theta_result = [6.13480087 2.33455923 4.83595374 1.91482084 3.31781511 2.49581259
 6.02986609 3.46340389]
epsilon = 2.0487059639597205
Function evaluations: 517
Gradient evaluations: 57
Warning: 2 (see https://docs.scipy.org/doc/scipy/reference/generated/scipy.optimize.fmin_cg.html for details)

L = 2:
theta0 = [0.98375848 0.86536625 5.19124786 1.3880177  1.58115099 5.06377723
 5.29315994 0.85270576 4.80731989 1.67560149 0.46317782 2.13096126
 5.56144723 5.33616683 0.97307806 3.29472304]
theta_result = [1.19629083 1.28606867 4.90231559 1.43476753 1.79368333 5.48447965
 5.00422766 0.89945559 4.60030942 1.47685239 0.34165219 2.01992227
 5.3544368  5.13741773 0.85155242 3.18368405]
epsilon = 1.5969903494200852
Function evaluations: 685
Gradient evaluations: 40
Warning: 2 (see https://docs.scipy.org/doc/scipy/reference/generated/scipy.optimize.fmin_cg.html for details)

L = 3:
theta0 = [5.26975418 2.23361979 0.82900709 4.41594049 5.40032175 2.73679187
 4.20196089 0.74380412 4.35741872 5.38270839 3.95110397 3.13722378
 1.61191985 4.66962826 2.71714151 1.31789182 1.58786775 2.21477675
 4.06348727 6.0666848  4.20189979 1.25241657 2.57458059 3.15292571]
theta_result = [5.26975418 2.23361979 0.82900709 4.41594049 5.40032175 2.73679187
 4.20196089 0.74380412 4.35741872 5.38270839 3.95110397 3.13722378
 1.61191985 4.66962826 2.71714151 1.31789182 1.58786775 2.21477675
 4.06348727 6.0666848  4.20189979 1.25241657 2.57458059 3.15292571]
epsilon = 1.9808450970528575
Function evaluations: 1580
Gradient evaluations: 63
Warning: 2 (see https://docs.scipy.org/doc/scipy/reference/generated/scipy.optimize.fmin_cg.html for details)

L = 4:
theta0 = [4.46227719 4.03589651 0.16995386 4.88470744 3.11827942 5.98013489
 2.67238119 3.1498709  1.18328758 6.18873983 3.62543885 3.4076229
 2.03771717 5.22093664 5.47081175 5.79150589 1.54380379 3.44993347
 4.01382812 5.50998404 6.17229998 2.81763525 0.47339006 6.02319811
 5.4629934  3.41012077 5.74916499 4.73153175 0.58976597 0.11379261
 6.22403529 1.58339891]
theta_result = [4.46227719 4.03589651 0.16995386 4.88470744 3.11827942 5.98013489
 2.67238119 3.1498709  1.18328758 6.18873983 3.62543885 3.4076229
 2.03771717 5.22093664 5.47081175 5.79150589 1.54380379 3.44993347
 4.01382812 5.50998404 6.17229998 2.81763525 0.47339006 6.02319811
 5.4629934  3.41012077 5.74916499 4.73153175 0.58976597 0.11379261
 6.22403529 1.58339891]
epsilon = 2.1097580260775777
Function evaluations: 1753
Gradient evaluations: 53
Warning: 2 (see https://docs.scipy.org/doc/scipy/reference/generated/scipy.optimize.fmin_cg.html for details)

L = 5:
theta0 = [0.00680768 4.559754   4.87128871 3.42864038 4.74513707 4.09533546
 5.27362455 0.24537882 3.33348087 5.45811993 6.04009454 2.94483309
 5.93453789 4.62264936 5.12841569 0.34552256 4.54229342 6.12453627
 1.21871604 5.01655174 0.47965116 0.58570348 4.37854398 2.01296312
 4.18067916 4.28489617 5.81724067 1.56944011 1.08993255 5.42391351
 4.94716805 3.53727631 3.13600287 5.90550599 3.20106068 3.81302947
 5.7904618  0.12277822 0.26365857 3.50997808]
theta_result = [ 0.08927389  4.52195373  4.57191017  3.14389855  4.82760319  4.05753517
  4.97424597 -0.03936301  2.37934311  6.61487371  5.60922612  2.16375996
  4.98040014  5.77940312  4.69754721 -0.43555053  4.83900512  6.47583583
  0.95772687  4.76670908  0.77636286  0.93700299  4.11755457  1.76312045
  3.7212692   4.44252765  5.16230398  1.24945929  0.63052259  5.58154499
  4.29223137  3.21729553  2.96591457  5.19123156  2.94975198  3.367319
  5.62037352 -0.59149622  0.01234987  3.06426762]
epsilon = 0.8742685228707429
Function evaluations: 2877
Gradient evaluations: 70
Warning: 2 (see https://docs.scipy.org/doc/scipy/reference/generated/scipy.optimize.fmin_cg.html for details)

L = 6:
theta0 = [1.35154963 0.16235149 3.18744358 5.23019581 1.94755738 0.62648818
 3.50606022 4.70667284 4.38580432 5.05921836 1.0080139  4.53503397
 2.16355721 5.77364952 4.6565797  4.35541976 5.06111771 3.00261097
 0.15291756 1.82734117 5.14592401 2.02168721 6.09587318 6.19015188
 4.05076707 0.03126421 3.0342664  0.80043002 6.26009911 4.72297105
 3.74898472 0.93627782 3.19070455 4.45346069 3.81008025 2.91327566
 4.74734048 5.18060288 1.70530251 1.16840962 2.06463168 3.99375216
 2.0031911  1.45345961 5.95549428 4.87748103 3.77773101 2.28895404]
theta_result = [1.35154963 0.16235149 3.18744358 5.23019581 1.94755738 0.62648818
 3.50606022 4.70667284 4.38580432 5.05921836 1.0080139  4.53503397
 2.16355721 5.77364952 4.6565797  4.35541976 5.06111771 3.00261097
 0.15291756 1.82734117 5.14592401 2.02168721 6.09587318 6.19015188
 4.05076707 0.03126421 3.0342664  0.80043002 6.26009911 4.72297105
 3.74898472 0.93627782 3.19070455 4.45346069 3.81008025 2.91327566
 4.74734048 5.18060288 1.70530251 1.16840962 2.06463168 3.99375216
 2.0031911  1.45345961 5.95549428 4.87748103 3.77773101 2.28895404]
epsilon = 2.352150545448099
Function evaluations: 3092
Gradient evaluations: 63
Warning: 2 (see https://docs.scipy.org/doc/scipy/reference/generated/scipy.optimize.fmin_cg.html for details)

L = 7:
theta0 = [2.54134169 3.84317954 6.23693779 0.95978282 5.0072835  3.37447713
 6.20573654 1.17872144 3.32847395 2.0585186  2.60882525 0.65170607
 0.86154647 3.90633335 0.77221727 1.65626393 1.52683098 2.65140638
 0.37070052 0.85472012 1.85446432 5.74982608 2.46827058 2.6680492
 2.68485922 0.01467911 1.28392083 1.17888541 3.78143656 0.29984112
 5.18068015 3.22021218 2.85950045 1.73637907 5.47305751 5.22231368
 2.48271704 1.14620931 0.01457928 2.82571522 5.39055757 6.01740188
 4.37969213 4.75996059 6.14423049 1.29979903 0.16084083 3.23637832
 6.09236734 4.72805238 3.62846505 3.51702438 5.31098308 2.70853449
 3.09148015 2.12803573]
theta_result = [ 2.85399938  3.77990389  6.23472606  0.80239159  5.3199412   3.31120149
  6.20352481  1.02133021  3.32290988  2.24523997  2.76611389  0.68631669
  0.8559824   4.09305472  0.92950596  1.69087457  1.5553559   2.75586618
  0.23668564  0.72345582  1.88298928  5.85428588  2.33425568  2.53678492
  2.75924188  0.09628629  0.9826151   1.08560156  3.85581922  0.3814483
  4.87937442  3.12692834  3.23168937  1.86023709  5.20374911  4.958605
  2.85490596  1.27006733 -0.25472913  2.56200654  5.45136426  5.94540789
  4.46765612  4.87091322  6.20503716  1.22780504  0.24880485  3.34733094
  6.28138949  4.99296875  3.65695887  3.59466262  5.50000523  2.97345086
  3.11997397  2.20567396]
epsilon = 0.9258627090787794
Function evaluations: 2401
Gradient evaluations: 42
Warning: 2 (see https://docs.scipy.org/doc/scipy/reference/generated/scipy.optimize.fmin_cg.html for details)

L = 8:
theta0 = [0.21862889 0.41891429 3.81937492 1.07058515 6.03435596 2.23176304
 3.65550752 3.72693659 2.70742809 4.94230235 0.52446671 3.89683845
 0.62943755 5.8255738  3.62200892 5.64679062 2.36846094 4.70283606
 4.7729028  4.24684996 2.30282299 4.91608373 3.28484291 4.2423483
 4.30976023 4.45179164 2.68668705 4.1022766  5.73660088 5.35034438
 5.42084036 0.81430024 2.11195718 2.04510403 4.89488775 4.55065025
 0.27431379 0.43009639 3.59652996 2.62718597 3.57321227 0.83115907
 2.60249424 5.79062158 5.88402233 5.862902   1.95379352 2.76123524
 1.23438388 4.28859931 2.84877481 1.54609873 5.28013391 5.0375173
 0.8128539  5.63032699 0.67367579 3.52808032 5.00356739 2.95941401
 5.06474126 3.68094387 0.76127287 0.84804521]
theta_result = [0.21862889 0.41891429 3.81937492 1.07058515 6.03435596 2.23176304
 3.65550752 3.72693659 2.70742809 4.94230235 0.52446671 3.89683845
 0.62943755 5.8255738  3.62200892 5.64679062 2.36846094 4.70283606
 4.7729028  4.24684996 2.30282299 4.91608373 3.28484291 4.2423483
 4.30976023 4.45179164 2.68668705 4.1022766  5.73660088 5.35034438
 5.42084036 0.81430024 2.11195718 2.04510403 4.89488775 4.55065025
 0.27431379 0.43009639 3.59652996 2.62718597 3.57321227 0.83115907
 2.60249424 5.79062158 5.88402233 5.862902   1.95379352 2.76123524
 1.23438388 4.28859931 2.84877481 1.54609873 5.28013391 5.0375173
 0.8128539  5.63032699 0.67367579 3.52808032 5.00356739 2.95941401
 5.06474126 3.68094387 0.76127287 0.84804521]
epsilon = 2.387385800484001
Function evaluations: 3774
Gradient evaluations: 58
Warning: 2 (see https://docs.scipy.org/doc/scipy/reference/generated/scipy.optimize.fmin_cg.html for details)

L = 9:
theta0 = [3.37572906 1.42512461 5.66904516 3.06561515 2.31078965 3.46261012
 1.3766352  0.85071976 3.13521192 4.61576026 4.05944706 1.08529689
 6.22978682 3.39371313 1.64531704 3.14247261 5.41585248 4.71236073
 4.44505992 1.15343197 5.40205118 1.54291154 4.97721258 0.48066127
 0.16954797 1.64803643 1.52607463 4.69148424 4.10238504 4.1726789
 2.16758423 0.22590088 3.93152404 2.91742765 3.26191943 4.63329941
 1.68697496 3.03748163 1.83436601 4.48839152 4.98940345 1.70246276
 4.95362004 1.08947586 4.93912529 6.07748226 5.1486106  5.69838413
 3.12446979 0.8654699  0.57395216 4.01653774 1.36832439 2.97594547
 6.09060051 5.96636359 0.87343356 3.29540584 1.88120388 3.55262151
 3.03463148 2.36242854 5.31687539 3.7047812  2.09561264 5.65467115
 0.23167681 1.79637879 3.63140286 3.73208997 5.41546038 4.09370225]
theta_result = [3.37572906 1.42512461 5.66904516 3.06561515 2.31078965 3.46261012
 1.3766352  0.85071976 3.13521192 4.61576026 4.05944706 1.08529689
 6.22978682 3.39371313 1.64531704 3.14247261 5.41585248 4.71236073
 4.44505992 1.15343197 5.40205118 1.54291154 4.97721258 0.48066127
 0.16954797 1.64803643 1.52607463 4.69148424 4.10238504 4.1726789
 2.16758423 0.22590088 3.93152404 2.91742765 3.26191943 4.63329941
 1.68697496 3.03748163 1.83436601 4.48839152 4.98940345 1.70246276
 4.95362004 1.08947586 4.93912529 6.07748226 5.1486106  5.69838413
 3.12446979 0.8654699  0.57395216 4.01653774 1.36832439 2.97594547
 6.09060051 5.96636359 0.87343356 3.29540584 1.88120388 3.55262151
 3.03463148 2.36242854 5.31687539 3.7047812  2.09561264 5.65467115
 0.23167681 1.79637879 3.63140286 3.73208997 5.41546038 4.09370225]
epsilon = 2.022090165932776
Function evaluations: 4677
Gradient evaluations: 64
Warning: 2 (see https://docs.scipy.org/doc/scipy/reference/generated/scipy.optimize.fmin_cg.html for details)

L = 10:
theta0 = [5.01019489 0.45039175 3.90524855 1.77020706 5.52668173 2.81274275
 0.57039049 0.4259664  1.05751274 4.67670634 4.17740409 1.12920616
 6.1250152  2.38041248 5.41282256 0.52430469 1.2871058  5.60929561
 0.79837077 5.48887544 4.6180705  1.10020779 4.66874633 1.7609716
 0.9950283  0.07388566 0.55377645 1.25842396 4.84978145 2.69991226
 1.04580763 1.84900583 0.58487964 1.83077688 0.9581784  0.88349208
 3.46325793 2.45906623 0.88751595 5.02316113 5.02963797 2.34506889
 0.40201328 2.02362748 5.54938049 5.83917972 3.07040533 2.45984535
 6.13116211 5.29607013 0.42652154 3.07617313 2.01082106 0.22256824
 2.63268485 1.18501998 0.53765135 4.12260229 3.46323671 4.83459682
 0.86957315 3.17086956 5.66548097 0.68318143 1.66678864 5.99976862
 3.79412924 5.03453073 2.2324763  4.83569459 0.48103178 5.22676409
 0.54376865 4.82986835 4.54087813 1.13682994 5.44801079 5.40449816
 1.21685837 0.68510252]
theta_result = [5.01019489 0.45039175 3.90524855 1.77020706 5.52668173 2.81274275
 0.57039049 0.4259664  1.05751274 4.67670634 4.17740409 1.12920616
 6.1250152  2.38041248 5.41282256 0.52430469 1.2871058  5.60929561
 0.79837077 5.48887544 4.6180705  1.10020779 4.66874633 1.7609716
 0.9950283  0.07388566 0.55377645 1.25842396 4.84978145 2.69991226
 1.04580763 1.84900583 0.58487964 1.83077688 0.9581784  0.88349208
 3.46325793 2.45906623 0.88751595 5.02316113 5.02963797 2.34506889
 0.40201328 2.02362748 5.54938049 5.83917972 3.07040533 2.45984535
 6.13116211 5.29607013 0.42652154 3.07617313 2.01082106 0.22256824
 2.63268485 1.18501998 0.53765135 4.12260229 3.46323671 4.83459682
 0.86957315 3.17086956 5.66548097 0.68318143 1.66678864 5.99976862
 3.79412924 5.03453073 2.2324763  4.83569459 0.48103178 5.22676409
 0.54376865 4.82986835 4.54087813 1.13682994 5.44801079 5.40449816
 1.21685837 0.68510252]
epsilon = 1.5955091333758735
Function evaluations: 5515
Gradient evaluations: 68
Warning: 2 (see https://docs.scipy.org/doc/scipy/reference/generated/scipy.optimize.fmin_cg.html for details)

