phi = Statevector([-0.29350426+0.10101178j,  0.37127718+0.04174971j,
             -0.07603455+0.23175452j, -0.13800462+0.09574877j,
             -0.00864413+0.03255206j, -0.17183144-0.24111125j,
              0.08212117+0.24517056j,  0.09710674-0.00928699j,
              0.43958429-0.16939328j, -0.1326549 -0.24364085j,
              0.04930406+0.0930393j ,  0.03344162+0.09355533j,
             -0.17386521-0.16230445j, -0.13025107+0.10541901j,
              0.19274607+0.10833733j, -0.21984743-0.09735531j],
            dims=(2, 2, 2, 2))

L = 1:
theta0 = [1.09193087 4.66752569 4.05021749 5.59723575 4.42188525 6.00269616
 5.52959579 2.54494631]
theta_result = [1.17924752 5.60059356 5.64649145 4.86154818 4.40910188 3.78179911
 6.44674288 0.85492021]
epsilon = 0.6168558250293578
Function evaluations: 315
Gradient evaluations: 35
Warning: 0 (see https://docs.scipy.org/doc/scipy/reference/generated/scipy.optimize.fmin_cg.html for details)

L = 2:
theta0 = [1.11827354 0.04769406 2.48905938 2.59071809 2.22399729 5.36869833
 3.76869633 3.86283898 5.9326792  2.11297756 2.38446715 2.45121849
 6.15912175 2.43048976 0.56636234 5.34323717]
theta_result = [-1.56936229  2.4213867   2.10698221  1.72803549  0.25673256  5.82168443
  2.3723608   3.84517816  4.68242415  3.87797697  2.11812333  5.67209187
  6.08214904  5.9180122  -1.20099372  4.91722448]
epsilon = 0.18187349658028878
Function evaluations: 8364
Gradient evaluations: 492
Warning: 0 (see https://docs.scipy.org/doc/scipy/reference/generated/scipy.optimize.fmin_cg.html for details)

L = 3:
theta0 = [3.81324123 2.03094775 5.48868345 3.43478495 4.30166915 6.11443085
 5.99198285 2.53976926 2.80515387 4.39015372 2.80086502 5.26768133
 4.48750812 3.59098906 2.36838476 1.12412396 1.29014833 1.13331438
 5.40685478 4.76104784 3.95899671 0.6648316  1.85954545 1.7974285 ]
theta_result = [2.25505532 2.74957956 5.58673623 4.07207173 3.06703876 5.4174213
 5.15133366 2.97710042 0.91928354 4.22727383 1.88000797 5.17794124
 6.54653532 3.56233776 2.91910182 2.68848689 2.97670314 0.96878963
 4.76476389 4.32402276 3.29620296 0.02041091 2.43494734 2.38230042]
epsilon = 0.017358813746761428
Function evaluations: 4800
Gradient evaluations: 192
Warning: 0 (see https://docs.scipy.org/doc/scipy/reference/generated/scipy.optimize.fmin_cg.html for details)

L = 4:
theta0 = [4.57528383 5.62877496 3.20646259 2.81970068 4.45381535 3.39942471
 2.52217289 4.23861758 4.54223911 1.60017356 1.76315367 0.19355305
 4.74311199 1.45791614 3.85083295 1.34232425 3.71455451 4.50163742
 4.70337331 3.35737944 4.36824219 0.63210043 1.02074345 3.73824476
 1.56035395 6.04823839 1.86312937 2.8945071  0.05723167 5.97610515
 2.0122361  1.19084761]
theta_result = [ 4.63283443  5.84748509  3.51983986  4.82677251  4.54393343  1.79216809
  2.19434321  4.62057657  3.7826181   1.97221201  0.75543075  2.08635976
  5.05545378  1.8606231   3.60101216  1.38354031  3.55498778  4.63383741
  5.08609213  3.22695543  5.69554066  0.41352711  1.20276716  4.52890102
  1.58069776  8.32579056  1.89005246  3.56417626 -0.07594659  5.9806318
  0.84963839  0.48069517]
epsilon = 1.9401011980451137e-07
Function evaluations: 35376
Gradient evaluations: 1072
Warning: 0 (see https://docs.scipy.org/doc/scipy/reference/generated/scipy.optimize.fmin_cg.html for details)

L = 5:
theta0 = [5.81643392 3.97600834 5.00054204 0.94278474 2.33030392 5.92967959
 1.02523624 2.23325052 1.55262981 1.0463465  1.58384297 4.67144512
 5.05165218 4.2136592  3.00891376 5.12030918 3.30289178 6.16516127
 2.50225089 4.77883045 3.68036451 0.34591136 3.50794575 6.20978272
 1.19953336 0.46352973 1.27529589 3.13273947 1.93224016 1.03896465
 3.03013107 4.05890223 5.70659578 1.5614836  2.29164931 4.53670277
 1.84753687 2.89496878 3.39006051 3.27156366]
theta_result = [ 8.02400061  3.6994534   5.1513437   1.9064257   1.69366688  5.53621912
  1.60768802  2.76581907  1.47249028  0.75654404  0.86857507  4.81807488
  4.82710407  4.41646828  3.29607072  5.0967962   4.18365522  5.53654071
  2.28505338  3.36513345  2.52116592 -0.11224068  2.77873524  6.2240805
  0.88438082  0.59977305  1.20876854  3.48118754  1.92085271  1.17147857
  3.00580274  3.99330411  5.87493779  1.63863773  2.66306277  4.57904225
  1.6697818   2.41860745  2.89414932  4.46606778]
epsilon = 3.6052651037398494e-09
Function evaluations: 9676
Gradient evaluations: 236
Warning: 0 (see https://docs.scipy.org/doc/scipy/reference/generated/scipy.optimize.fmin_cg.html for details)

L = 6:
theta0 = [3.99829443 5.41847261 4.4300865  0.48266842 1.12554601 6.20819505
 3.31063432 0.06563856 1.5913725  1.72633285 2.67684287 2.82373766
 2.93592446 1.3497284  4.73442078 4.66949873 1.27543094 5.12956887
 4.1279539  1.81882769 4.81190092 1.41404475 4.74962978 0.72826989
 1.35481224 1.50980914 5.08944686 4.65085492 1.20483059 6.00053796
 3.08702814 5.03430293 1.17829328 2.11512668 3.10422846 5.7790542
 4.97636112 1.47990396 0.50862984 5.58949587 1.3716754  5.38956666
 1.41426167 0.82079573 5.17802379 4.70537891 5.00165664 5.13371637]
theta_result = [ 3.89863167  4.17473006  4.02782471  0.98274064  1.02466644  5.59934092
  4.45876659  0.09776033  2.02657719  2.48998552  3.14482412  3.47401753
  2.02694436  1.02080771  4.1894003   4.875034    0.69571264  5.59508851
  4.44516868  1.02797294  5.11454992  0.73784431  4.76538396 -0.11192542
  1.16503398  1.25076479  5.0385133   5.52084155  0.9748004   5.03250482
  3.34959587  5.32946725  2.10806208  1.67542776  3.57949658  6.44983457
  4.89911183  1.41156968  0.60749577  5.70816477  1.23202861  4.91116887
  1.95751713  0.31701188  6.39566354  4.97407098  4.94339156  4.74048624]
epsilon = 2.280839177788604e-09
Function evaluations: 7252
Gradient evaluations: 148
Warning: 0 (see https://docs.scipy.org/doc/scipy/reference/generated/scipy.optimize.fmin_cg.html for details)

L = 7:
theta0 = [1.63801371 4.92170411 0.1284238  4.78098784 4.23186575 2.90959011
 0.13134891 4.69794368 2.64875384 1.89784095 0.8341658  0.75910596
 5.91347745 3.16197026 4.8404569  4.04121234 2.07228289 3.37360226
 6.05493212 5.04300956 3.50477697 3.50185577 4.87137796 2.05119188
 4.83519316 5.09225038 0.43553823 4.38580947 1.33083264 5.02240208
 5.0394283  0.30747361 1.79206616 2.87307618 5.50478276 0.28011696
 2.70032779 2.5553179  4.22987635 1.79615182 3.25474908 3.84157598
 5.1497933  0.07965015 4.73835544 4.43575557 4.67159475 5.7555402
 3.955806   4.89021646 3.14293133 4.52880849 5.14774797 2.5826181
 2.85974895 3.06828359]
theta_result = [ 1.7276191   4.44876335  0.48816439  5.44278864  4.10179937  3.56868135
  0.49632077  4.79080305  2.73502884  2.18451391  0.03821208  1.2153611
  5.37304888  2.45383884  5.06668256  4.31317166  1.88356894  3.74100276
  6.24833079  4.98637047  3.48210167  3.57435711  4.94444133  2.22634983
  4.04241812  4.46407841 -0.24878895  4.54210908  1.45855604  4.63558699
  5.08913301  0.30004221  2.13826679  2.20932244  5.0709836  -0.47501825
  2.92319754  1.79306777  3.70729024  1.93061744  3.40266787  4.77283225
  5.3817618  -0.12979019  4.17541253  5.29346244  4.41820629  5.71888681
  3.25884437  4.97995141  2.82027358  4.67911711  5.79296053  1.61359452
  2.8522542   2.09659794]
epsilon = 2.5618635707628165e-09
Function evaluations: 8778
Gradient evaluations: 154
Warning: 0 (see https://docs.scipy.org/doc/scipy/reference/generated/scipy.optimize.fmin_cg.html for details)

L = 8:
theta0 = [1.75153103e+00 1.77332580e+00 1.60937443e+00 5.18443268e+00
 1.33743216e+00 4.27533910e+00 9.88308463e-01 2.48294860e+00
 5.89196599e+00 1.78669083e+00 3.64430775e+00 3.64497098e+00
 1.90154655e+00 3.91132620e+00 5.80150636e-01 5.54659487e+00
 1.11847696e-01 4.92394387e-01 4.52959159e+00 3.92660762e+00
 2.00269666e+00 4.44616765e-01 5.36673595e+00 8.39553580e-01
 5.07169174e+00 4.76664856e+00 2.87872321e+00 2.10166479e+00
 6.06347310e+00 3.43102338e+00 6.20481696e+00 2.12121125e+00
 1.12041202e+00 3.01837862e+00 4.65902405e+00 1.54697907e+00
 3.76570021e-01 3.22219604e+00 4.20275521e+00 1.57761092e+00
 2.81420562e+00 3.85354643e+00 4.74105393e+00 1.59302537e-01
 2.79969838e+00 1.55821897e+00 5.84257156e+00 4.88270942e+00
 4.61628301e+00 5.27328330e-03 1.42814033e+00 2.56237967e+00
 1.45014553e+00 1.65044464e+00 5.97678586e+00 4.32347591e-01
 1.02720564e-01 5.48752161e+00 8.27306804e-01 2.86309899e+00
 3.67502160e+00 4.02287256e+00 8.37526917e-01 4.89778230e+00]
theta_result = [1.62866483 1.45775056 1.87844525 5.63377871 1.15052109 4.4252961
 0.98223559 2.61618181 5.79835066 1.92353898 3.81803313 3.71843155
 1.54643131 3.50808793 0.60707864 5.14752324 0.17956176 0.74995925
 4.079578   4.27675117 1.58301017 0.23388041 5.45025075 1.22694859
 5.58052357 4.37909318 3.17659565 2.44927793 5.84803901 3.60370239
 6.36417549 1.58860461 0.96059183 2.32888362 4.7774759  1.6157716
 0.330882   3.03825148 4.33773906 1.76700524 2.92131771 3.38580372
 4.91524685 0.04742195 3.06911133 1.6671151  5.78165358 5.34296817
 4.57065459 0.71067154 1.80677032 2.26173964 1.13415415 1.55603258
 5.96708697 0.38393309 0.05907735 5.25095747 1.17645063 2.50912951
 3.41340642 4.19403174 0.50476456 4.74025033]
epsilon = 8.805903985792811e-10
Function evaluations: 7800
Gradient evaluations: 120
Warning: 0 (see https://docs.scipy.org/doc/scipy/reference/generated/scipy.optimize.fmin_cg.html for details)

L = 9:
theta0 = [3.32265738 1.22413917 1.96827658 5.71424151 1.41260558 2.87257101
 0.86731267 2.93684683 0.23873926 5.13809136 0.50811601 1.01864764
 4.75268112 1.60189385 0.23006315 1.91252267 0.86269607 0.81013821
 0.4148173  2.81129432 0.57440668 0.29389844 0.27246936 3.26722725
 0.64193386 6.19775644 4.48487961 5.80693203 3.31986135 0.14204317
 6.17215197 1.76799093 1.87596525 6.15460489 5.15388466 3.05830482
 6.27393977 1.83264525 3.71568463 4.69614056 3.13660636 4.4587516
 0.245981   3.39795633 0.52013404 0.63727125 3.64457722 3.45458529
 1.46811215 0.59874302 5.50833874 1.08022252 5.03341911 4.36978895
 2.84026504 3.26327555 0.6319929  2.28457572 5.65663615 3.64298091
 4.58659399 5.14131276 4.09923862 0.89620731 5.38219277 1.73058778
 2.82560717 4.16388461 5.08079747 6.0609356  4.73593968 5.41343325]
theta_result = [3.6283877  1.25314635 2.11686023 6.13074828 1.5975793  2.67441166
 0.77865759 3.06579042 0.14680647 5.01308313 0.82907488 1.0567476
 4.93956363 1.33502111 0.17071176 2.28759074 0.71530621 0.18016699
 0.39302491 2.91422534 0.69698663 0.29978339 0.14263369 3.09405968
 0.78054067 5.85184327 4.25156633 6.50445632 3.24420333 0.06928666
 6.26018738 1.63116441 1.79042757 6.23411896 5.15398767 2.90608128
 6.56457805 1.78943512 3.75440947 4.88142912 2.96970817 4.85190888
 0.1601142  3.69150645 0.21127932 0.71362642 3.7653104  3.54119186
 0.9265953  1.02741616 5.6639801  1.06025328 4.93224568 4.28261492
 3.50374373 3.35924053 0.54910441 2.45747197 5.77729201 3.98699438
 4.69253486 5.04394894 4.32283124 1.19703945 4.82856822 1.37362599
 3.29739992 3.78857239 5.14795116 6.3062658  4.5085697  5.06652098]
epsilon = 5.684853568565557e-10
Function evaluations: 8687
Gradient evaluations: 119
Warning: 0 (see https://docs.scipy.org/doc/scipy/reference/generated/scipy.optimize.fmin_cg.html for details)

L = 10:
theta0 = [5.86084677 2.5222572  5.5112923  1.30697273 3.87659397 1.9622717
 2.83321694 2.87276356 2.68319752 2.5069124  2.80584598 5.67583056
 3.50861023 3.23521079 4.28426966 1.40623819 0.92444827 5.98653142
 0.85384436 3.16837623 1.16867209 0.50501772 3.32342354 0.15624635
 0.96484992 2.80844027 5.23253405 5.63967413 4.12992957 6.24330339
 0.90382143 3.97990654 5.86467417 5.00789513 5.13292023 2.63320939
 1.36394972 2.80562456 5.97299657 0.3253339  0.1843663  3.42664747
 0.91122891 2.17018533 4.20762243 0.58819128 4.85270538 0.75152908
 3.03501533 4.48664128 6.25965444 1.90021945 5.82327674 3.29411545
 3.09920514 4.41387197 6.04407829 5.51429095 4.89068745 2.48244876
 5.75132326 1.71065875 0.05945994 4.46265555 4.14316699 2.97785816
 4.24468779 3.65744106 1.50930354 2.80239541 3.41832991 3.09801903
 0.71737445 1.16307856 1.26538523 4.68255183 0.83654643 3.62329796
 4.8521282  1.03433702]
theta_result = [ 6.22613435e+00  2.53511815e+00  5.31233843e+00  1.30790857e+00
  3.81683829e+00  1.98153676e+00  2.91058349e+00  3.13412058e+00
  2.23162322e+00  2.29428427e+00  2.48922629e+00  5.98945318e+00
  3.35418902e+00  3.06913895e+00  4.30542782e+00  1.53551396e+00
  1.08532794e+00  6.05521449e+00  7.97087246e-01  2.80923825e+00
  8.47645851e-01  3.72487504e-01  3.19545020e+00  9.77751605e-02
  5.65567353e-01  2.72421185e+00  5.07369532e+00  5.61716205e+00
  4.05697906e+00  6.43658737e+00  1.00535472e+00  3.81844707e+00
  5.94947815e+00  5.30548187e+00  5.52078917e+00  2.49490501e+00
  1.19569139e+00  2.59046478e+00  6.05015436e+00  3.16284003e-01
 -1.32420304e-01  3.42732141e+00  6.39781033e-01  1.95209765e+00
  4.06744355e+00  8.67418101e-01  5.04509810e+00  8.97436005e-01
  2.58369668e+00  4.81272916e+00  6.31688920e+00  2.04728769e+00
  5.99403415e+00  3.43861066e+00  3.29179007e+00  4.55538105e+00
  5.83510305e+00  5.61922351e+00  4.85291609e+00  2.41436922e+00
  5.87359577e+00  1.63816510e+00  7.40766288e-04  4.67631565e+00
  4.50048615e+00  3.23785604e+00  4.38838522e+00  3.74122014e+00
  1.66071103e+00  2.90790195e+00  3.66887215e+00  2.99177678e+00
  7.38351686e-01  1.32609013e+00  1.19159445e+00  4.29096287e+00
  9.60420737e-01  3.71265512e+00  5.18549373e+00  1.10470522e+00]
epsilon = 6.636499997581181e-10
Function evaluations: 8019
Gradient evaluations: 99
Warning: 0 (see https://docs.scipy.org/doc/scipy/reference/generated/scipy.optimize.fmin_cg.html for details)

