phi = Statevector([ 0.49162229-0.16429156j, -0.25696969-0.05335685j,
              0.05933216-0.00486003j,  0.28931851+0.08253396j,
              0.10905892-0.00108904j, -0.14344402-0.01466539j,
             -0.05415182+0.1863126j , -0.01720832-0.2921287j ,
              0.13639347+0.00415051j, -0.22999182+0.36003991j,
              0.00239243-0.20689102j, -0.14501764-0.01396612j,
              0.10110595+0.06611946j,  0.07947916+0.16931202j,
             -0.19210821-0.16111352j,  0.17278943+0.07022013j],
            dims=(2, 2, 2, 2))

L = 1:
theta0 = [1.5187588  2.58375986 1.77815225 1.59462219 1.63087249 5.92774503
 2.77272468 2.87690357]
theta_result = [-1.22264051  1.13673195  3.19540096 -0.22512112  2.33703103  5.99856671
  3.61362511  5.21570304]
epsilon = 0.6011828738091071
Function evaluations: 513
Gradient evaluations: 57
Warning: 0 (see https://docs.scipy.org/doc/scipy/reference/generated/scipy.optimize.fmin_cg.html for details)

L = 2:
theta0 = [1.22991046 0.37955374 4.74190797 3.29551329 5.8312646  2.27336379
 0.32419932 3.06172751 1.89370879 4.55834725 3.4141863  3.62676705
 0.38832891 6.27079653 5.49146461 4.17095256]
theta_result = [0.2401699  0.28290539 5.77569177 5.60503221 5.09848012 2.2115276
 0.42579469 1.52799021 0.22419296 6.18184052 2.75508508 4.44400283
 2.20558391 8.44999976 4.00044545 4.59562659]
epsilon = 0.18079187973353758
Function evaluations: 4743
Gradient evaluations: 279
Warning: 0 (see https://docs.scipy.org/doc/scipy/reference/generated/scipy.optimize.fmin_cg.html for details)

L = 3:
theta0 = [2.04716956 3.94516576 4.17912606 0.96327556 0.01005815 1.93785711
 4.66040004 5.75002357 0.04906761 1.39757452 5.79585827 5.86535772
 2.02597586 0.69310424 3.14645696 4.33715969 6.23352445 2.35347187
 6.19065792 1.49017427 1.51567859 0.3351785  0.19379939 1.96343324]
theta_result = [ 1.39728271  2.84284307  3.85780832 -0.21070941 -0.16367667  0.85021639
  5.52163351  5.34121115  0.91625776  2.56815615  6.28296199  5.37327091
  0.99165817 -1.15833854  3.14131622  3.54464913  7.13777442  2.36288324
  7.02849145  0.37645821  2.67356297  0.73145125  0.56658318  2.81326161]
epsilon = 0.08382087221339796
Function evaluations: 5084
Gradient evaluations: 203
Warning: 2 (see https://docs.scipy.org/doc/scipy/reference/generated/scipy.optimize.fmin_cg.html for details)

L = 4:
theta0 = [3.5091199  0.55590682 4.77327103 6.23399674 0.57735139 5.87845411
 5.34539732 2.91086807 4.2124082  1.48806823 1.62254902 5.24398996
 5.73203667 4.74368947 2.24168213 3.1813779  2.43485424 5.21794565
 5.856001   5.32261551 0.0845969  1.97181342 2.36201744 3.35538797
 4.61370557 3.15707011 5.67661325 5.75589149 3.98996347 2.79447884
 6.07460906 5.12891468]
theta_result = [ 3.71847813  1.629224    5.75409635  6.56676419  0.15370527  5.562472
  5.53541475  2.16825007  5.49716437 -0.32979057  0.72397011  5.27311917
  7.00718494  4.35070438  2.19499936  2.20604918  2.24758677  4.11664933
  5.54516584  5.1086329   0.0266808   2.76324229  1.64907105  2.75151134
  4.75077523  3.37187405  5.41385554  6.5680194   3.08527518  4.06294675
  5.45181845  5.1470913 ]
epsilon = 4.7325931797528845e-07
Function evaluations: 86460
Gradient evaluations: 2620
Warning: 0 (see https://docs.scipy.org/doc/scipy/reference/generated/scipy.optimize.fmin_cg.html for details)

L = 5:
theta0 = [0.48910496 1.82318747 2.69540302 4.75488834 1.98812115 2.80015816
 3.29563853 0.35107266 2.66715829 0.08871404 5.53737705 3.30579364
 4.49410869 2.91716832 0.54569307 0.65252181 4.25396969 3.70064437
 3.44831178 0.23681828 4.01879119 4.2431264  0.33589972 5.87861859
 1.72409678 4.06182232 5.37017185 3.56428036 0.11467185 0.05042514
 6.07595351 2.67090617 2.01737666 2.49656765 4.3130083  1.84304834
 0.62935038 5.28818359 3.37031228 0.11495716]
theta_result = [ 4.74435341e-01  2.21328424e+00  3.69412002e+00  5.06077377e+00
  2.14097909e+00  3.09303192e+00  2.90779010e+00  5.39328632e-02
  2.59902535e+00  8.94530412e-01  6.07856866e+00  3.47294260e+00
  5.08233997e+00  2.12126704e+00  1.06673527e+00  8.60707025e-01
  4.60800664e+00  2.79382061e+00  3.14160593e+00  8.42401805e-01
  3.69231954e+00  4.18329833e+00 -1.21904829e-04  5.91342497e+00
  1.89342411e+00  3.94182470e+00  4.91396205e+00  3.26088712e+00
 -3.84040248e-01  8.04684160e-01  6.46897574e+00  3.12183871e+00
  1.59806611e+00  2.21386790e+00  5.12570128e+00  2.16487135e+00
  4.55558656e-01  5.90760646e+00  3.77490729e+00  3.75346479e-01]
epsilon = 0.007409980516258789
Function evaluations: 9728
Gradient evaluations: 237
Warning: 2 (see https://docs.scipy.org/doc/scipy/reference/generated/scipy.optimize.fmin_cg.html for details)

L = 6:
theta0 = [5.43621235 1.43003575 1.8707253  3.84980666 4.56451364 6.21440082
 2.68763098 3.02370753 4.04413367 2.99945507 6.0328715  5.75184247
 1.99540206 0.46717885 5.78908049 1.28204838 3.92185366 4.17408262
 2.52283654 2.03045902 2.64302562 4.3820435  0.88411302 4.14616286
 0.8327472  2.18852409 0.98991839 1.97784738 5.72174229 2.01621267
 3.31138796 3.34161525 4.72791551 1.79415596 4.28114575 5.58664977
 4.91880093 6.11226794 4.78541953 0.79571973 3.92660067 1.78950977
 2.95659265 0.90997351 4.91326166 3.48053394 6.14476468 1.05615035]
theta_result = [5.48886615 0.75775832 2.82210298 3.95971532 4.75412178 5.55041143
 3.19217221 3.14796563 4.03821112 3.48487551 5.44931087 5.39273197
 2.24947678 0.87573504 5.8099474  1.39588634 3.76727812 3.70707928
 2.35169928 1.96007329 2.8013469  4.5766226  0.64593281 4.48528367
 0.98248585 2.34914471 1.42415762 1.41586914 5.5038335  2.18455362
 2.58223601 2.94123072 5.64476426 2.12319048 4.18485645 5.29398539
 4.98246157 6.67017965 5.13434096 0.74812542 4.65389318 1.40403192
 2.19836532 0.78017185 5.52620049 3.88604453 6.14443855 1.2040638 ]
epsilon = 4.084044449366698e-09
Function evaluations: 7889
Gradient evaluations: 161
Warning: 0 (see https://docs.scipy.org/doc/scipy/reference/generated/scipy.optimize.fmin_cg.html for details)

L = 7:
theta0 = [4.23060938e+00 5.31520740e+00 4.82557278e+00 6.26551657e+00
 1.45585956e+00 4.91222422e+00 1.75903523e+00 5.42508384e+00
 3.24425859e+00 3.13087271e+00 2.18823977e+00 4.58617652e+00
 2.93338271e+00 1.56393516e+00 6.15672409e+00 1.52101459e+00
 3.94958514e+00 1.96793094e+00 2.85585921e-01 6.86186672e-01
 9.08515640e-01 4.42594569e-02 4.71611396e-03 9.23336421e-01
 4.20497175e+00 3.22467367e+00 7.45671416e-01 2.47706346e+00
 2.28163970e-01 4.61631251e+00 4.15664199e+00 1.68054377e+00
 2.62835090e+00 6.77197352e-01 5.71653997e+00 7.46322419e-01
 2.15586321e+00 2.54479468e+00 5.32451059e+00 3.53047745e+00
 3.18502876e+00 5.33134348e+00 3.66010381e+00 4.45735808e+00
 2.41122807e+00 4.75939680e-01 3.14684938e+00 9.69047667e-01
 2.88026182e+00 9.89514266e-01 5.60281375e+00 2.35455557e+00
 3.27139678e+00 3.51315264e+00 4.32313907e+00 6.05645487e+00]
theta_result = [ 4.94820364  5.6808961   4.36140418  6.29699405  1.31595832  4.51374689
  1.68774222  5.3937444   3.65627307  3.36636164  2.52744891  4.51280088
  2.79897106  1.62861658  6.30291644  1.4402651   3.84513362  1.96586025
  0.36444484  0.58560474  0.19626692  0.18865067 -0.36162945  0.35668513
  3.41302958  2.96405369  0.75120627  2.43218963  1.21857968  4.23048
  3.902338    1.78462739  3.42215802  0.80134782  6.45777171  0.86386225
  2.35322087  2.92296278  5.79569949  3.43464074  3.11724168  5.08182279
  3.71245441  4.53481267  2.7893181  -0.12938558  3.07716337  0.95375331
  2.97305003  0.46198651  5.36062517  2.21162899  3.77492782  2.86507091
  4.77621506  6.1117126 ]
epsilon = 2.4470236877522e-10
Function evaluations: 9006
Gradient evaluations: 158
Warning: 0 (see https://docs.scipy.org/doc/scipy/reference/generated/scipy.optimize.fmin_cg.html for details)

L = 8:
theta0 = [1.51085229 0.49433416 1.5445813  1.81269404 5.04174806 0.77681374
 3.59438614 5.18479444 2.29367752 2.77668143 1.1815229  0.88074665
 0.36110123 1.18191283 4.65501345 5.59722942 2.06254453 4.60589921
 0.05906966 1.56416457 2.58435162 6.26524418 4.81543025 4.77090391
 3.67209868 2.50865908 0.30998582 1.69744779 5.20587093 3.12216389
 4.9353421  3.90824247 2.05446688 1.96791531 1.6099938  4.25187314
 5.76266849 5.88139259 3.59269056 3.50699266 1.27885032 2.93242781
 2.82666902 5.95726792 1.44390516 0.28018564 0.7434132  2.42702037
 3.28936191 3.05379388 5.79485776 1.34696326 5.99395569 6.05006641
 6.21264431 5.59669398 2.76633023 1.16665738 1.75999277 2.81439984
 5.46061064 3.4674206  4.68367451 0.33102753]
theta_result = [ 1.63330571  0.08306443  1.08895548  1.94762276  5.02370837  1.14664558
  3.33708776  5.08752537  2.18016954  2.70360855  1.11573875  0.56038881
  0.2407881   0.92944871  4.44928206  5.47865991  2.53899744  4.74343222
 -0.44269305  1.6152996   2.72806243  6.08879075  4.64770637  4.71328566
  3.67991284  2.46465093  0.31194313  1.80055324  4.73830511  2.9932528
  4.86567572  3.79295656  2.07332712  1.82904443  1.70349112  4.28345738
  5.69628087  5.58735514  3.63854345  3.03784967  0.82488571  3.23555237
  3.00124547  5.95007561  1.46836005  0.49834441  0.77071803  2.49276189
  3.38783494  3.0368798   6.10084815  0.96050022  5.98505721  6.23093856
  6.18531866  5.47487881  3.30117988  0.84893233  1.57643744  2.90764743
  5.82805342  3.68824482  4.46732711  0.51271067]
epsilon = 6.19448608957855e-10
Function evaluations: 10465
Gradient evaluations: 161
Warning: 0 (see https://docs.scipy.org/doc/scipy/reference/generated/scipy.optimize.fmin_cg.html for details)

L = 9:
theta0 = [4.54010908 2.63100414 1.03947965 3.25731026 2.42010277 4.62137372
 4.15222513 5.32278458 0.63301406 0.12277391 5.93071452 2.48597481
 2.00736834 4.94837215 3.39171761 1.29309386 2.58085915 3.90085836
 4.25243615 3.19747756 1.97628274 0.45571544 0.7016714  1.17682672
 0.35927789 6.23054574 0.15731628 1.92642841 0.61949992 1.0645258
 5.79553808 5.23542357 0.84030922 4.81298493 3.87064031 5.62959543
 2.96465191 5.26475966 6.1606442  1.28216086 3.41087953 5.1129025
 1.96586924 4.89971562 4.52135004 1.50030938 3.44798026 1.51250937
 5.11355743 3.64486455 5.73142545 1.70425778 1.52856225 3.86479301
 5.60931795 1.97198249 3.11923366 3.75172794 0.029049   1.46931447
 2.44163583 3.1354184  4.9441599  5.31879651 5.70698879 4.95410407
 5.38419781 1.69416668 3.8990397  0.52838238 1.80044961 1.94754802]
theta_result = [4.8176064  2.40821788 0.98287837 3.43510911 2.39801128 4.81243993
 4.24115504 5.42077879 0.59411775 0.37362941 5.91930082 2.40846155
 1.65947353 4.77221061 3.23513903 1.41947766 2.40070962 3.53648644
 4.47013442 3.14854288 1.60521122 0.58919281 1.12354841 1.04541529
 0.20967846 6.21832903 0.17120183 1.77135659 0.36062146 0.82781223
 5.93156968 5.30685213 0.9316282  4.59722424 3.83596092 6.15987762
 2.92870405 5.34543387 6.22710363 0.98684123 3.46654135 5.45894517
 1.91077831 5.29273923 4.48279552 1.25517769 3.59881913 1.15048296
 4.83634464 3.48456941 6.00774147 1.88673554 1.48828372 3.54779304
 5.56998008 2.45653618 3.247061   4.31185943 0.36509464 1.41168323
 2.53693249 3.06231671 5.00249872 5.34872678 5.18846294 4.39766224
 5.29529099 2.24316697 4.10653287 0.3572293  2.00238916 2.382461  ]
epsilon = 2.860374175144115e-10
Function evaluations: 7519
Gradient evaluations: 103
Warning: 0 (see https://docs.scipy.org/doc/scipy/reference/generated/scipy.optimize.fmin_cg.html for details)

L = 10:
theta0 = [3.3537937  1.73559149 0.19823474 5.71861667 3.81129987 3.83530536
 6.19448579 3.80806315 2.56408395 3.2151569  5.78224761 4.42107527
 6.26230569 5.9572814  2.69916515 0.21522585 2.0578414  6.2120112
 1.29087172 4.07188854 4.5403486  5.03274939 5.34202125 4.73607516
 4.21726768 1.47147729 5.07746517 1.33359907 3.33425206 3.89695915
 2.26733725 0.53423777 3.35759861 2.54206019 3.76363862 2.14698
 5.21278172 2.87488776 3.94055636 1.35890979 2.51219934 4.83255597
 5.59804124 2.97887776 1.93597296 4.35073574 3.42808039 0.33447069
 3.95185939 4.75089233 1.09338419 5.85839119 2.70768082 4.07834375
 4.25164723 3.80608223 3.19659828 0.11623674 3.98586728 0.03411027
 1.55344119 4.99639991 1.93682547 1.75724046 2.71228517 0.44399264
 4.55744756 3.26033296 4.17862693 6.07576465 0.27842458 2.03607765
 0.09797251 2.88906434 1.7767586  4.04722523 5.91187843 2.43171283
 0.38320275 1.29115586]
theta_result = [3.38736769 1.74136611 0.07661186 6.15392692 3.94187709 3.92313328
 6.28071024 3.83599121 2.75864569 3.04495995 5.86802645 3.7280869
 6.25361242 5.79929446 2.62094592 0.3022194  2.25937797 6.6618379
 1.22465486 4.50547898 4.42964109 5.2169667  5.59432448 4.58736486
 3.9455732  1.16975028 4.9065007  1.52422506 3.22806467 3.53450508
 2.6314295  0.1488068  3.27755101 2.44136743 3.38406352 2.33072454
 5.61796235 2.67946671 4.49638963 0.96448251 2.4251148  4.56068392
 5.41603695 3.07666262 1.89866399 4.3377384  3.28925222 0.57703987
 4.0351805  4.51564249 1.30562767 6.16514519 2.53829541 3.832851
 4.21887499 3.64452382 3.11815279 0.15829135 3.79565474 0.06152825
 1.34274918 5.25691445 1.74981231 1.88308122 2.37042669 0.94660559
 3.99553744 3.78173542 4.27561404 6.54102378 0.41207569 2.54001777
 0.4216454  2.75783146 2.31637028 4.02612588 5.90683343 2.25793703
 0.29638421 0.60925187]
epsilon = 5.118243019991072e-10
Function evaluations: 10125
Gradient evaluations: 125
Warning: 0 (see https://docs.scipy.org/doc/scipy/reference/generated/scipy.optimize.fmin_cg.html for details)

