phi = Statevector([ 0.05866002+0.08850442j, -0.06082367-0.03257191j,
             -0.08084137+0.20813703j, -0.00785717-0.04638627j,
             -0.07480608-0.01466604j,  0.10237275-0.32919182j,
              0.13910088+0.01588299j,  0.02836551-0.0634258j ,
             -0.19863189+0.16630695j,  0.1119345 +0.10647786j,
             -0.27234078-0.10612538j,  0.02853454+0.39861426j,
             -0.14686587+0.20424753j,  0.46853404+0.0371545j ,
             -0.25579487-0.19438366j,  0.16961606+0.17467828j],
            dims=(2, 2, 2, 2))

L = 1:
theta0 = [3.45220341 6.21306509 5.46469685 1.48806183 0.90625264 0.91985829
 3.42121579 4.62454248]
theta_result = [3.45220341 6.21306509 5.46469685 1.48806183 3.17607305 5.704563
 2.73381848 2.75188719]
epsilon = 0.9657122629125322
Function evaluations: 468
Gradient evaluations: 52
Warning: 0 (see https://docs.scipy.org/doc/scipy/reference/generated/scipy.optimize.fmin_cg.html for details)

L = 2:
theta0 = [1.2436612  0.78017859 2.88759806 0.94720735 2.84207095 1.33848185
 5.23322458 4.2827828  3.75835858 5.19424039 0.79931856 1.45562782
 2.93470706 4.39533648 4.34472906 4.92602818]
theta_result = [1.2436612  0.78017859 2.88759806 0.94720735 1.90370746 1.6190634
 4.76322439 5.59451392 3.60386918 7.11925767 3.0036955  0.82156952
 6.0458665  5.69215146 3.7807685  3.22510295]
epsilon = 0.310616943999866
Function evaluations: 1207
Gradient evaluations: 71
Warning: 0 (see https://docs.scipy.org/doc/scipy/reference/generated/scipy.optimize.fmin_cg.html for details)

L = 3:
theta0 = [1.36514779 4.12284733 1.57097414 1.64053405 1.93153263 1.62415911
 1.90563714 2.90827344 2.21496899 5.86164445 0.0393745  4.17247139
 3.55326615 0.70269931 1.2683438  1.85246541 4.43084404 4.09509829
 2.01462826 5.5590621  6.23275714 4.11262368 5.28266903 3.01375977]
theta_result = [ 1.36514779  4.12284733  1.57097414  1.64053405  1.37591649  2.39807459
  1.36501861  2.4160136   2.20716405  5.80259066 -0.19146146  3.47909866
  4.96497228  1.58804776  1.33088775  2.73974942  3.68583712  5.76704561
  3.78748952  5.46431316  8.71946666  4.45463125  5.23925968  3.01195613]
epsilon = 0.12203100509888429
Function evaluations: 4850
Gradient evaluations: 194
Warning: 0 (see https://docs.scipy.org/doc/scipy/reference/generated/scipy.optimize.fmin_cg.html for details)

L = 4:
theta0 = [4.9157161  5.57065624 3.38180736 4.04126058 4.51261865 5.08573824
 4.46102703 5.36656139 6.11231446 1.9937823  1.49540166 2.75312734
 5.79614158 2.63118269 1.15016237 1.12993722 2.1167783  5.53170704
 5.02991815 0.36037413 3.44311263 1.48155503 3.05581946 1.8154539
 4.24281385 1.77746085 3.06744947 0.5403509  4.42485458 0.13410596
 4.29903626 5.10437942]
theta_result = [ 4.9157161   5.57065624  3.38180736  4.04126058  4.80429982  5.88755583
  5.17104454  4.69137138  6.08177991  1.67605541  2.1557889   2.44566279
  6.70779162  2.10373424  1.65808142  1.2413875   1.26255283  7.64454849
  4.54071313  0.52179481  2.68049101  1.41502157  1.77207096  1.56089254
  4.16223263  4.60309616  2.0910263  -0.13351649  4.68480563 -0.26553988
  5.46987255  5.08232021]
epsilon = 0.010380421933812037
Function evaluations: 17589
Gradient evaluations: 533
Warning: 0 (see https://docs.scipy.org/doc/scipy/reference/generated/scipy.optimize.fmin_cg.html for details)

L = 5:
theta0 = [0.92061115 3.39861002 1.15636559 2.52005805 4.36676566 2.16472201
 0.74942082 3.82232874 4.06003287 4.8329703  4.68087756 0.33239928
 1.81612234 0.21059882 3.35607239 1.49088242 0.48299193 0.42421505
 0.68696534 3.9324516  0.94988571 6.03495138 4.33780515 5.86694077
 0.53156693 1.12730006 5.58613165 5.56408276 1.9954953  5.71602727
 2.05957931 4.79727708 0.10735401 5.45148249 2.65606811 3.43417558
 5.91214583 2.18290805 3.30774793 0.12320877]
theta_result = [ 0.92061115  3.39861002  1.15636559  2.52005805  2.98698298  2.04301728
  0.45406235  3.8486239   4.26367495  4.09235362  3.89938399 -0.23325755
  1.43469726  0.01941477  2.04027601  2.18969381  0.71824456 -0.33720312
  0.02149803  3.11291091  0.57946325  5.78129198  5.5429835   6.86458305
  0.79243314  2.15913222  6.92109774  4.75306359  1.91980876  5.70819569
  2.60572003  3.46347651 -0.84008506  5.72544909  4.15399426  3.94003404
  5.3081384   1.98349981  3.3867718   0.12733557]
epsilon = 2.343277500733918e-08
Function evaluations: 17302
Gradient evaluations: 422
Warning: 0 (see https://docs.scipy.org/doc/scipy/reference/generated/scipy.optimize.fmin_cg.html for details)

L = 6:
theta0 = [3.17166511 0.03123049 3.04105832 2.94868108 4.49607277 1.78974295
 5.07763201 5.48065621 3.56691915 4.3204531  4.86196977 1.51493207
 5.81219862 1.90430723 1.24387031 4.21550554 5.03014351 0.18886429
 4.93746709 0.81360095 3.04611495 1.61604635 2.1787873  5.34587516
 3.10775815 1.32729458 5.34563863 3.79421372 5.33885391 4.23046056
 0.55199171 1.69339197 5.4808866  1.49993985 1.42871958 1.85587356
 1.15292167 4.48976309 0.40148582 5.47836394 1.74084756 2.33191321
 2.83713723 1.38096884 2.40961317 5.29700592 0.56929438 2.41227399]
theta_result = [ 3.17166511  0.03123049  3.04105832  2.94868108  4.38681789  1.98606885
  4.95585583  5.73253488  3.61268765  4.59263503  5.81348778  0.55105482
  5.85191614  1.96990832  1.06360143  3.84890335  5.42089525  2.04116334
  4.62958464  0.07722113  2.99880137  1.48505118  1.70623699  4.22212595
  2.75260636  1.64262872  5.10652996  3.80361628  5.53649653  5.05004262
  1.08025586  0.79536421  5.45751882  1.84498812  1.35497059  1.87400626
  2.12352146  3.95328863  0.75627531  5.92395912  1.37565886  2.56443019
  2.31270965  1.59746915  2.95281156  4.87891526 -0.01862836  2.65207007]
epsilon = 1.7813184931502453e-09
Function evaluations: 10829
Gradient evaluations: 221
Warning: 0 (see https://docs.scipy.org/doc/scipy/reference/generated/scipy.optimize.fmin_cg.html for details)

L = 7:
theta0 = [3.0814209  0.36582096 1.24981234 1.03130345 4.58821522 4.20694285
 4.23993147 3.08832718 3.22801078 1.92878934 2.34048224 2.86724005
 4.02633453 0.16107336 1.31746628 2.69387403 2.20318443 2.44774737
 6.04473125 5.31596527 5.50085167 5.64782668 5.96553633 2.38923525
 4.11966296 3.16934555 3.85498065 2.97691406 5.1629918  4.17169207
 2.6581549  3.31984586 6.00746241 1.10507159 3.08046495 2.49385502
 2.91820481 2.60188468 2.61003712 1.32704659 5.03945777 1.93827254
 1.133156   2.67349328 1.7125544  3.17715207 1.35195817 2.54323391
 5.59265791 5.85978531 0.1288765  5.62418411 2.61019658 0.60822885
 5.22293737 5.79139576]
theta_result = [ 3.0814209   0.36582096  1.24981234  1.03130345  5.54396642  4.39762101
  5.13494047  2.61142974  2.68634718  1.87954277  2.46206265  2.68088518
  4.20776524  0.53758194  0.86567479  2.77303862  2.42077217  2.35789711
  5.71770022  5.20000176  5.23889955  5.65914232  6.13211247  2.06888525
  3.86170968  3.39427552  3.63985103  3.15691604  5.10133102  4.24920185
  2.82459544  3.76368511  5.08401442  1.11229397  3.41362946  2.22504079
  2.88184017  2.56001041  2.38268834  0.95955766  5.50250479  2.19170949
  1.22044515  2.79804466  1.31013179  2.69514154  1.27476897  1.99665417
  5.48515868  5.45215934 -0.56205226  5.36176382  4.40252194  0.24266742
  4.86555908  6.00628346]
epsilon = 5.107099137539734e-10
Function evaluations: 8265
Gradient evaluations: 145
Warning: 0 (see https://docs.scipy.org/doc/scipy/reference/generated/scipy.optimize.fmin_cg.html for details)

L = 8:
theta0 = [4.12641945 5.40293285 2.71061369 5.05325603 4.1654411  3.86390818
 5.97770407 6.0371906  3.23659258 5.79525239 2.4805405  5.5107386
 1.75937313 4.92311153 5.97852204 3.31751882 4.46475435 5.50442121
 6.0053184  6.17029006 5.26369257 2.77086967 6.06072649 2.92529119
 1.85672454 5.54496703 0.33233685 3.72358233 0.77217266 4.81663064
 1.09047175 3.24680807 2.70229813 3.51478032 4.20407492 1.73637375
 4.89265785 4.35126047 4.48030601 5.83878273 6.10054245 4.27927066
 0.45399303 3.46709174 3.43462432 5.60175234 2.45606701 3.15620681
 5.87055365 2.27083427 2.43659131 1.67883966 2.99406368 3.39715592
 6.11734171 2.90410354 2.35183846 2.35403393 2.17901694 3.3899254
 0.07420279 4.76379295 3.51911181 1.20047974]
theta_result = [ 4.12641945  5.40293285  2.71061369  5.05325603  4.11565974  3.84265453
  5.89097963  5.15317367  3.85756209  6.08099478  1.8726586   4.99152682
  1.86714811  5.80429575  5.25221499  2.73049592  3.97844427  4.79405076
  4.79127054  6.41993932  5.68095158  2.88501772  5.49948442  2.29755396
  1.7421214   6.2788917  -0.01693711  3.86765557  0.28052484  4.57063724
  0.02155827  3.54008341  2.49619584  3.05925669  4.45572798  2.31793735
  5.06696235  4.188068    4.21671747  5.65260179  5.98244121  4.60286284
 -0.08436652  3.30266113  2.43076068  5.25739645  2.79900448  3.45306699
  5.77548965  1.69272138  2.86453687  2.27233257  2.31250859  3.88861543
  6.44795063  1.98276504  2.22180814  3.47578296  2.30847941  3.44378946
  0.1254606   5.64579522  2.99999065  2.6509959 ]
epsilon = 1.1439232530015205e-09
Function evaluations: 8125
Gradient evaluations: 125
Warning: 0 (see https://docs.scipy.org/doc/scipy/reference/generated/scipy.optimize.fmin_cg.html for details)

L = 9:
theta0 = [5.73787417 5.93542606 6.15368792 2.26658145 2.52602647 4.98794929
 4.38287154 3.13060725 0.3008366  2.50992451 3.94666166 0.93322393
 5.97693075 2.63688366 2.46959688 4.37712948 5.61085489 4.87893753
 1.58947183 3.17031318 2.6688493  5.64622261 0.47246401 4.22591731
 6.22489048 1.4410534  1.59566113 1.18888452 2.20079176 1.84193437
 2.37506752 1.03098438 3.4456088  3.79789585 2.87991235 6.21917645
 0.65265065 6.1916414  4.53702276 4.52595568 4.13807711 3.03588651
 6.02966962 3.05154147 3.46607483 1.60872377 4.24792936 1.36724765
 1.46015004 1.12283968 4.02371453 0.73813886 5.86532954 1.16549331
 5.3387874  3.81548393 1.2802026  4.45684229 1.32576222 5.61716749
 1.35480992 6.03407114 4.18557308 4.85173045 2.48777275 2.6036258
 0.43864145 4.61729904 5.56550765 2.93588087 2.31678631 4.20174139]
theta_result = [ 5.73787417  5.93542606  6.15368792  2.26658145  2.44109137  5.01191552
  4.36611521  3.05502148  0.04862752  2.70969478  3.63910184  0.66380458
  5.5478056   2.53696414  2.14192647  4.39753998  5.45015458  5.05759036
  1.86531428  2.40579293  2.62612229  5.08739407 -0.19109321  4.67830427
  6.14050429  1.18319832  1.90974149  1.5473688   1.96125897  1.43642091
  2.34559854  0.88674783  3.56723031  3.64536892  2.09351167  5.85063543
  0.46334723  5.44752197  4.20423102  4.42731856  4.22651027  3.19373524
  5.76995275  3.31092231  3.25019873  2.01259644  4.64781012  0.97380737
  1.34980056  1.25976635  4.24592577  1.1372433   5.95920038  1.43745877
  5.65311917  4.13765767  1.43651655  4.60744496  1.79569171  5.29724368
  1.09608636  6.0350715   3.82462177  5.39034026  2.24566967  3.14120514
  0.21312425  4.37531808  5.68430366  2.78677412  1.97514295  4.03904688]
epsilon = 4.024928773206579e-10
Function evaluations: 7519
Gradient evaluations: 103
Warning: 0 (see https://docs.scipy.org/doc/scipy/reference/generated/scipy.optimize.fmin_cg.html for details)

L = 10:
theta0 = [0.57421231 1.514317   2.44531958 3.08175126 3.24361224 3.19805334
 1.0299576  2.44955335 3.00464745 1.39386878 1.40591712 0.18492779
 5.2392776  5.59605369 4.62171757 2.78838198 1.96222877 0.18793082
 4.39562878 0.57328356 3.69402127 3.40908401 5.64152795 1.25101938
 0.88364983 5.79801139 0.92602398 4.80519556 0.84802558 4.75334952
 1.94910826 0.41492641 3.97056915 5.45763493 1.4998398  2.31523464
 2.39339405 6.17229089 4.04552613 3.79405793 4.32367792 0.46651189
 1.92591693 1.76865446 2.6748449  5.49848307 5.96385699 5.80017512
 3.645667   0.75891438 0.1685837  3.34382863 2.67068991 1.36484318
 4.48697925 0.88621587 1.28071532 3.63411141 2.7410798  2.05915052
 4.62918535 5.49438187 1.5025671  4.7230594  4.26959214 3.82830036
 5.05082225 1.35905039 5.26457303 1.39383725 1.94883316 4.26148151
 6.03746311 4.94555243 6.00290437 5.58410476 0.85024115 1.81667917
 2.7401167  2.6658073 ]
theta_result = [ 0.57421231  1.514317    2.44531958  3.08175126  3.07941982  3.17461104
  0.92541277  2.1263607   3.02938264  1.43482577  1.80892153  0.00755083
  4.75761824  5.55951087  4.77821308  2.42323389  1.75650079  0.24703504
  4.44609023  0.47968316  3.43714114  3.39805877  5.72011881  1.09699984
  1.1040549   5.87837339  0.91133308  4.91303483  0.96029776  4.44574659
  2.04369445  0.40144907  3.83886261  5.3181385   1.84180573  2.39326709
  2.36786444  6.38827029  3.56442538  3.50836456  4.46627505  0.34893419
  1.77928905  1.61881512  2.69865923  5.13356947  5.67636017  5.62555752
  3.51486715  0.79358627 -0.05468984  3.24034919  2.70361386  1.18114965
  4.56550421  0.99266891  1.40565494  3.9085081   2.01198022  2.16636119
  4.5371301   5.49109436  1.38455047  4.36680292  4.04285908  4.0639894
  4.45966106  1.8431107   5.78374389  1.19323174  1.84500601  4.5601665
  6.03606765  4.91485282  6.04902132  5.73506758  1.06365046  1.56371675
  3.00746736  2.4340135 ]
epsilon = 3.5252436622142647e-10
Function evaluations: 6885
Gradient evaluations: 85
Warning: 0 (see https://docs.scipy.org/doc/scipy/reference/generated/scipy.optimize.fmin_cg.html for details)

