phi = Statevector([-0.17235095+0.06929365j,  0.11787326-0.18913191j,
              0.09681049-0.17048672j,  0.04690988-0.35376242j,
              0.10221447-0.19442972j, -0.03221635+0.10512198j,
              0.07166384+0.14148618j, -0.28345417+0.23111644j,
             -0.27116012-0.10390095j, -0.04047042+0.15646542j,
             -0.19875042-0.36763722j,  0.32461276+0.1071291j ,
             -0.02892163-0.29125637j, -0.03631139+0.04051004j,
              0.09241718-0.07266689j,  0.11438586+0.11534525j],
            dims=(2, 2, 2, 2))

L = 1:
theta0 = [1.71281271 1.21145328 1.83544964 1.87107215 4.93980584 4.47135778
 0.69662044 3.22726155]
theta_result = [-1.82190318  3.9223737   0.8787606   1.56306829  5.35675809  5.97879689
 -2.56813396  1.22473556]
epsilon = 0.5062028296183093
Function evaluations: 468
Gradient evaluations: 52
Warning: 0 (see https://docs.scipy.org/doc/scipy/reference/generated/scipy.optimize.fmin_cg.html for details)

L = 2:
theta0 = [1.97517472 5.91506706 4.86265534 1.4819509  3.77622572 6.11244658
 4.78512689 1.33878101 1.79850616 5.9659723  5.22732538 2.91345845
 2.19553653 0.60656882 6.14446586 3.6231213 ]
theta_result = [1.93269558 5.0637396  5.30561539 0.56638467 3.01079503 8.07537225
 4.88116066 0.58244832 4.53523568 3.30656114 4.53999676 1.45138155
 1.26876953 3.54936245 6.95555323 1.95953532]
epsilon = 0.2506378673761253
Function evaluations: 3162
Gradient evaluations: 186
Warning: 0 (see https://docs.scipy.org/doc/scipy/reference/generated/scipy.optimize.fmin_cg.html for details)

L = 3:
theta0 = [4.12583714 4.48144066 4.58868499 5.91912475 4.0259526  1.4181632
 2.04536594 1.55758821 1.06493204 4.49564321 2.46004529 2.93316851
 5.88808741 5.28501719 3.48425847 5.40741945 5.79942207 4.71183974
 4.03162292 3.42837487 2.10284277 3.48563388 0.7480996  4.87086333]
theta_result = [2.41111647 4.50757917 5.1858679  6.9956044  5.30375505 0.10107698
 2.53294023 1.86838741 0.87823778 4.63289188 4.50656757 2.38401351
 5.2893918  3.42594806 3.75991583 7.27754092 5.17912893 3.55151018
 4.77627561 1.04721532 1.85825078 3.3068455  2.4540299  5.08157579]
epsilon = 0.01670102301795585
Function evaluations: 10250
Gradient evaluations: 410
Warning: 0 (see https://docs.scipy.org/doc/scipy/reference/generated/scipy.optimize.fmin_cg.html for details)

L = 4:
theta0 = [0.01449635 2.55884394 3.58420725 4.97394804 2.00449418 1.1632272
 1.06674939 3.92552364 3.84093472 6.24542773 5.39443379 4.07461684
 3.61785843 0.26380138 4.9347303  2.83658152 2.15563005 6.24370271
 5.57280749 5.45764634 2.99387569 5.30861012 2.166375   5.79180204
 1.23103424 4.17734486 5.76149783 5.83999058 4.87513014 1.2551118
 1.72518062 5.33000948]
theta_result = [-0.43647653  0.97357657  4.01666717  4.62454153  1.37536524  0.09248003
  0.8173104   3.79519611  4.99308967  5.64200321  4.10858102  4.76392596
  4.68044151  1.38340099  5.35668346  2.11446363  1.2749482   7.34320188
  5.63011113  5.4615144   3.64266485  5.6673909   1.97913153  5.63923227
  1.27832584  4.22783751  5.35453825  6.6045387   3.30018665  2.21377043
 -0.62598788  4.81438302]
epsilon = 1.648140191189085e-07
Function evaluations: 25113
Gradient evaluations: 761
Warning: 0 (see https://docs.scipy.org/doc/scipy/reference/generated/scipy.optimize.fmin_cg.html for details)

L = 5:
theta0 = [4.07998313 6.03535595 3.31565435 1.22285125 0.47755493 2.02279191
 4.2696256  3.88459549 6.14005848 3.11201276 3.30584946 2.44921305
 2.32635443 4.39231785 6.09178817 3.70556521 3.05555667 1.99961911
 6.24673677 5.01798476 0.41999818 4.23083976 6.24042473 2.90259786
 4.29618884 0.41432088 5.27718556 2.06952253 3.42965793 3.8439252
 0.32506606 5.48550902 0.27511299 0.29157286 0.83613378 2.01429143
 2.19145944 1.94542197 1.4817058  3.65989082]
theta_result = [ 3.74623382  6.03137349  3.64817708  0.48357795  0.55488934  2.04717022
  4.62966604  3.17362631  4.26938699  2.24990999  3.94379985  2.71636227
  2.34563098  4.55757635  6.20094082  3.58184981  2.55313288  1.53413798
  6.92066906  4.97789424 -0.21975813  5.15072685  5.7820811   2.29188467
  5.24503916  0.40820071  5.64613305  1.4534628   3.24840458  4.20950592
  0.23882412  4.83087869 -0.44195366 -0.59154075  0.87647013  2.7276653
  2.28059428  0.87777858  2.15450923  3.54939436]
epsilon = 4.3143447748440244e-09
Function evaluations: 9266
Gradient evaluations: 226
Warning: 0 (see https://docs.scipy.org/doc/scipy/reference/generated/scipy.optimize.fmin_cg.html for details)

L = 6:
theta0 = [2.94066029 4.65925882 6.05593736 6.24432681 5.9926004  3.43061708
 2.26225843 2.33237587 6.02463793 5.92674467 3.56960243 0.72255112
 4.19994887 4.55104517 4.24402724 1.77770829 0.52787101 2.24899627
 1.15606123 0.80017842 2.74062817 0.75964931 4.32309961 5.96473428
 0.33056439 5.74295492 3.43314252 2.67979779 3.07980384 4.60853478
 0.67804403 4.82632893 5.3588925  2.97035986 1.14053988 0.39380762
 1.14813524 1.55860219 3.44168783 5.11668074 1.2065866  4.57055413
 4.96512971 4.26038112 0.19536536 1.84403351 5.46973878 1.0245394 ]
theta_result = [ 2.68339438  5.00337244  6.6274897   6.66390106  5.59258734  3.80076641
  2.01714117  2.55702356  5.32747843  5.99804599  3.97279063  0.66593753
  4.12386148  4.64066516  3.14612846  1.62044225  1.57714306  2.21886306
  1.5658195   0.17280378  2.41957484  0.52032292  4.13613112  5.941819
  0.74737108  5.99617163  2.63301132  1.87250094  3.07065184  4.43006871
  0.61214243  5.2049284   5.2055669   2.79489682  0.48053073  0.1585654
  1.69399957  0.79433287  2.50723421  5.61708363  1.00713356  4.81418181
  4.64143687  3.87091322 -0.62060254  1.91759732  5.57463381  0.99892643]
epsilon = 2.2210686373556246e-09
Function evaluations: 9849
Gradient evaluations: 201
Warning: 0 (see https://docs.scipy.org/doc/scipy/reference/generated/scipy.optimize.fmin_cg.html for details)

L = 7:
theta0 = [0.57670041 3.19152407 1.42936598 0.4512959  4.99382357 3.88925336
 0.89908336 3.46583919 0.5708507  0.35459548 0.98104442 3.56043059
 5.12838795 0.58632122 3.68048328 2.85599366 2.78310462 4.84139268
 3.07111145 2.21889818 1.05793001 1.63035784 3.40508886 0.05195558
 5.29178457 2.69497041 0.2944988  1.24295586 0.12683971 3.22099607
 1.53265374 2.00048567 0.36378468 0.60162827 5.06876007 1.88236027
 3.2834502  5.24849528 4.05762323 2.11561516 5.1188279  2.29487726
 2.61537027 1.88888903 2.5811586  5.18548006 4.0373817  3.41959099
 1.37328821 1.05560434 1.71210058 4.37341625 2.04134034 5.88372344
 5.11710803 1.96606307]
theta_result = [ 0.37506158  2.55361868  1.14975122  0.14414625  4.74268087  3.78862702
  0.25752032  4.0234681   0.60406764  0.41549283  0.65838355  3.90345982
  5.37040811  0.16565172  3.54349629  2.348618    2.6270944   4.48297664
  3.44304094  2.1146454   0.66126951  1.51216638  3.36768312 -0.13378411
  5.50386024  3.0367779   0.06105818  1.26815053  0.30664056  3.34672002
  1.35975832  1.86074687  0.31248174 -0.07998537  4.54848728  1.48201015
  3.16670247  5.20601654  4.1707456   2.05308025  4.48839587  2.0756801
  3.08206404  1.49529196  2.53497694  5.2348423   3.87477903  3.63895349
  0.69872237  2.36269347  1.57552485  4.6118548   2.05346513  6.26177302
  5.00109642  2.79174588]
epsilon = 9.086382456649758e-10
Function evaluations: 11058
Gradient evaluations: 194
Warning: 0 (see https://docs.scipy.org/doc/scipy/reference/generated/scipy.optimize.fmin_cg.html for details)

L = 8:
theta0 = [1.93731677 3.41179958 5.14208245 6.14437011 5.37025317 3.64100299
 4.04815751 5.31532723 5.64113007 1.68246766 3.3051955  3.55549028
 3.41457663 5.49835126 2.36137135 0.05443156 0.34379708 1.89793692
 3.99179737 0.33794597 6.07247078 4.83684848 1.67864733 2.65773406
 5.215015   5.74135504 2.40231419 5.07356889 3.23868741 5.99943501
 2.63016451 3.79194456 5.8897269  0.7068642  2.53868022 2.84552397
 3.75440004 1.35410246 5.69228796 4.51312684 3.58475409 1.21669226
 6.03225518 5.77018441 0.58824577 3.98890482 5.18794305 1.84211391
 3.4570894  3.81460098 6.09111993 3.7942352  0.11987951 1.35568341
 0.06261895 5.52764218 2.76251103 6.00235897 4.01833635 4.90412799
 4.78721172 3.44689712 5.92772318 6.22203425]
theta_result = [ 1.4250365   3.27603099  5.15438298  6.36189417  5.3999858   3.9096624
  3.89036848  5.23444343  5.35615154  1.37248681  2.86903268  4.72856543
  3.50619006  5.14902535  2.54432422 -0.14485765 -0.11623958  3.43931119
  3.72622102  0.85692647  6.19120206  4.71453239  1.50389155  3.23355788
  5.23414396  6.18366784  2.23613381  4.91398377  3.04998452  6.04147679
  2.76374145  3.77060644  6.17007353  0.79042215  2.52438827  2.43661618
  3.67515811  1.2749101   5.26845599  4.4725433   3.85284473  1.46568143
  5.99401816  5.48986004  0.2032866   4.17585156  4.94575889  1.73265724
  3.21556517  4.23696919  6.13151501  4.23648579  0.48518078  0.85650494
  0.02322033  5.52871447  2.11794046  5.59002956  4.6633744   5.08673607
  4.34076256  3.51599432  5.99083802  6.46785353]
epsilon = 1.909723262222951e-09
Function evaluations: 8840
Gradient evaluations: 136
Warning: 0 (see https://docs.scipy.org/doc/scipy/reference/generated/scipy.optimize.fmin_cg.html for details)

L = 9:
theta0 = [1.97504218 4.43812444 2.72110817 0.81634106 5.30988835 4.98731384
 2.63496127 2.44070168 2.72806337 4.07095947 5.85697771 4.58923342
 5.12623546 5.72771456 1.24375933 1.62915991 4.5842667  3.31746709
 1.52523195 6.26344154 5.57418325 3.35784931 4.69063663 1.96199125
 5.53313758 2.46450713 1.18894065 5.16141685 1.18213469 2.43218596
 4.66892304 4.03259365 4.82539581 3.58034121 5.89392061 0.80045722
 4.39434794 4.88522295 6.21494055 3.05743308 1.87004815 1.2512754
 4.88968175 2.14697595 4.90699179 1.9251594  3.67945477 1.88326927
 2.77650785 6.24602312 1.01022797 4.78515049 1.98382807 2.84029369
 1.96744146 5.62618773 0.51402235 4.09073959 3.99934287 1.45175322
 0.96494162 3.09861028 3.46801513 1.00708268 1.17587882 1.10705133
 3.05926201 3.12592046 5.76933818 1.81550724 4.31453646 3.53467166]
theta_result = [1.93124942 4.89927112 2.74415359 1.24274995 5.28984782 4.71211631
 2.9052806  2.59305937 2.75858603 4.24417577 5.70481749 4.42928964
 5.08774035 5.81846667 2.00653482 1.87695252 4.33373531 3.13979645
 1.23504135 6.43583516 5.51151539 3.41161702 5.08142271 2.12360265
 5.57367996 2.57650002 0.91526335 5.12069383 1.0680327  2.76806016
 4.33447336 4.04446997 4.58624707 3.06549449 5.95176911 0.36332793
 4.13717543 4.92294961 6.10094303 3.07296957 1.56990992 0.79379224
 4.62369744 2.11563265 4.83161302 2.26480952 3.74308816 1.59510858
 2.59922118 6.23935007 1.13553573 4.80396156 2.05583522 3.19278009
 1.96529191 5.65591184 0.75143343 3.65914433 4.20433611 0.58299571
 1.09697314 3.43342493 3.74452603 0.86380866 0.98232481 0.79456378
 2.98120072 3.35648763 5.76231081 1.96655457 4.11290245 3.86721496]
epsilon = 5.665238558726223e-10
Function evaluations: 8249
Gradient evaluations: 113
Warning: 0 (see https://docs.scipy.org/doc/scipy/reference/generated/scipy.optimize.fmin_cg.html for details)

L = 10:
theta0 = [5.36008253 3.46338376 0.43307848 5.17992068 0.62467731 3.55855955
 5.44406813 5.22859436 0.91480923 3.35447337 1.65534987 2.44476947
 2.99833158 5.76116576 5.35628925 2.19260872 0.76760872 5.70465592
 4.34372455 1.63114294 6.02110865 0.89217864 1.50938608 3.71728852
 2.99877073 2.41889906 3.25087346 2.18063863 4.44714487 1.09489489
 0.27102593 3.2426932  2.61073441 3.75116996 0.68502806 5.20967894
 2.69689605 5.00830064 0.8534039  2.11729392 0.34161054 5.07094322
 2.70882113 4.93735916 2.40895138 1.06941165 1.54401168 2.26492199
 5.16822161 2.40328364 3.9804311  2.0317964  4.90990257 2.22980446
 2.14941715 3.65986282 3.99717748 1.28106445 3.3849422  1.90887043
 2.52938338 0.31091292 0.17653184 1.26950574 4.97854266 1.31177111
 2.45393339 2.71738826 0.39268911 0.2615462  1.5778127  2.53651622
 4.45248687 2.2026683  2.59330376 2.62436647 1.60509702 4.82791035
 2.98411997 5.63111438]
theta_result = [ 5.33263858  3.98020353  0.69048064  5.3260746   0.23320426  3.95117151
  5.94881472  5.12179497  0.78176529  3.32903638  1.1478806   2.35452973
  2.60525972  5.48126885  5.25233958  2.33827042  0.59578244  5.40383721
  4.45258677  1.9999569   6.12748453  1.09331992  1.78676238  3.65606038
  3.24108187  2.61206353  3.12339686  1.57988704  4.29723416  1.34638775
 -0.02693586  3.21358525  2.1542746   4.18552003  0.50539268  4.84854935
  2.88404593  5.08756582  0.83441985  2.08923695  1.20264413  4.78749201
  2.37979294  4.6115675   2.09843264  0.70634751  1.51902936  2.17683212
  4.90030948  2.64010541  3.91000328  1.92826044  4.92849762  2.53589838
  1.85211439  3.1487153   3.5494664   1.35405988  3.65942837  2.53009679
  2.44674118 -0.15476381  0.09479464  1.18208144  4.99091159  1.4070172
  2.31289934  2.32182657  0.701603    0.31052185  2.09080135  2.53191962
  4.54380078  2.42806212  2.57799827  2.55977613  1.54947293  4.77938912
  2.71309716  5.77915378]
epsilon = 3.1579397778059263e-10
Function evaluations: 5751
Gradient evaluations: 71
Warning: 0 (see https://docs.scipy.org/doc/scipy/reference/generated/scipy.optimize.fmin_cg.html for details)

