phi = Statevector([-0.01526193-0.46495119j, -0.17373599+0.09184556j,
              0.05258754+0.08721586j,  0.0888695 +0.19098195j,
              0.07408968-0.37710694j, -0.05140893+0.1684341j ,
              0.33011222-0.05534152j,  0.14976943+0.07408738j,
             -0.03217801+0.0601606j ,  0.17805951+0.00488463j,
             -0.18402014-0.07740285j, -0.02558116-0.32434251j,
              0.11034724-0.22960861j, -0.16629453+0.28088057j,
             -0.08406861-0.08497243j,  0.03276615+0.05156142j],
            dims=(2, 2, 2, 2))

L = 1:
theta0 = [4.43727681 0.60638406 5.45458208 0.28414397 0.7243699  0.16080628
 1.43936491 0.73327007]
theta_result = [ 4.43727681  0.60638406  5.45458208  0.28414397  0.81490574 -2.66358642
  3.01435987 -0.56943455]
epsilon = 1.2284317425900728
Function evaluations: 216
Gradient evaluations: 24
Warning: 0 (see https://docs.scipy.org/doc/scipy/reference/generated/scipy.optimize.fmin_cg.html for details)

L = 2:
theta0 = [3.57350618 4.98147728 3.35373394 1.90810453 4.12044479 2.6769498
 4.05339829 4.28357795 4.7365752  3.66955356 0.83403507 0.50060282
 0.62252259 0.62843898 3.46844874 4.51250348]
theta_result = [3.57350618 4.98147728 3.35373394 1.90810453 5.16986959 2.04333746
 3.07364301 3.90160926 3.02520226 4.07883875 3.56140366 0.53710034
 0.52235546 2.25074702 4.63754474 2.07208459]
epsilon = 0.3654009583489503
Function evaluations: 1785
Gradient evaluations: 105
Warning: 0 (see https://docs.scipy.org/doc/scipy/reference/generated/scipy.optimize.fmin_cg.html for details)

L = 3:
theta0 = [4.36960955 1.35456789 2.42003608 1.35856826 6.18741911 0.29012246
 6.01886984 1.36985225 2.02694577 0.51632558 5.18230148 5.16745746
 1.72527852 1.06676446 4.10365144 2.1286071  1.09663356 4.26507958
 0.10713673 2.99615585 0.54207977 6.20415054 5.16482231 0.46722726]
theta_result = [ 4.36960955  1.35456789  2.42003608  1.35856826  4.27166542  1.44965412
  7.63457658  2.54413232  0.19092486 -0.58277996  4.12706046  5.61739397
  4.23822253  2.27236999  4.89346472  1.34391559 -2.33428501  4.78978952
  2.84516349  4.32064193 -0.44953459  8.00166254  6.89582855  1.58461378]
epsilon = 0.12055025383540227
Function evaluations: 5250
Gradient evaluations: 210
Warning: 0 (see https://docs.scipy.org/doc/scipy/reference/generated/scipy.optimize.fmin_cg.html for details)

L = 4:
theta0 = [1.71748163 6.26584529 0.94219657 3.75040819 1.1246569  3.06430704
 2.66329363 0.9974817  0.63855074 0.09655495 1.02842819 1.79584863
 0.43412869 4.87655492 1.85303459 5.87219788 3.85745223 2.42815823
 1.22189292 4.6080053  3.17976697 1.00776158 2.68191986 4.56090609
 2.80652232 4.49156217 1.73601046 5.15165235 2.43147746 5.38534674
 5.70975726 1.11903833]
theta_result = [ 1.71748163  6.26584529  0.94219657  3.75040819  0.93253718  3.64279298
  3.59841179  0.83838091 -0.16878549  0.91435462 -1.49348269  0.41394153
  0.52642671  5.00205129  1.79995826  5.04792177  3.37451281  5.13221405
  2.07318693  7.11073418  2.16003332  0.77296445  1.9496046   4.27869545
  2.31815941  2.31076932  2.77880547  4.81154395  2.3763099   3.69683738
  6.5060302   1.92184775]
epsilon = 0.0063354063931619934
Function evaluations: 15345
Gradient evaluations: 465
Warning: 0 (see https://docs.scipy.org/doc/scipy/reference/generated/scipy.optimize.fmin_cg.html for details)

L = 5:
theta0 = [1.4751339  5.62755229 1.68069729 2.49223113 4.61478778 5.58642116
 0.45500766 4.3306913  0.86834127 3.79719087 3.15130546 5.08724377
 4.93247986 1.28879248 0.34320547 2.66514699 2.36450016 2.64979548
 0.47817703 2.27088659 1.98843336 5.40604548 5.79417476 0.99703035
 0.6457434  3.52327511 5.63060821 1.30854563 5.51390908 5.87042403
 0.73918345 4.17666633 0.33284943 0.71834907 0.75393266 5.25597484
 3.66535667 1.67120898 2.55838358 1.55356027]
theta_result = [1.4751339  5.62755229 1.68069729 2.49223113 3.59951045 6.1131506
 0.61113985 4.4851037  1.11321177 3.96589751 3.71711427 6.00015657
 4.60715768 2.03321237 0.8158899  2.67782662 1.39263153 2.45642981
 0.91642591 2.23658766 2.173842   7.19905651 5.27145288 1.76576842
 0.60560961 3.88417876 5.54256107 0.16253468 5.12890169 6.83203236
 0.87734904 4.51958936 0.08250282 0.7583385  1.97536895 6.50639193
 3.47326607 0.82996438 1.78884024 2.29969306]
epsilon = 2.2117025290742547e-08
Function evaluations: 11808
Gradient evaluations: 288
Warning: 0 (see https://docs.scipy.org/doc/scipy/reference/generated/scipy.optimize.fmin_cg.html for details)

L = 6:
theta0 = [4.74634799 0.32098812 6.02525402 4.44686849 5.27252417 5.51528331
 5.15347898 1.08675323 4.73628464 4.89804656 3.20832433 0.23602965
 4.98124486 3.08452015 5.68681044 2.89501842 6.25301666 0.13897235
 5.97808371 3.69974459 5.58418357 1.27810872 2.72959094 4.83665156
 1.99819907 6.13417799 5.43601977 3.41829433 4.60884001 3.49556215
 3.55062715 5.91349252 0.29306787 1.26552162 2.89595331 5.98809254
 1.20636206 1.80597928 5.96097981 2.2100472  5.40052426 0.98317944
 3.35053071 2.15170915 2.15348574 2.94545471 5.1161994  4.5176992 ]
theta_result = [ 4.74634799  0.32098812  6.02525402  4.44686849  5.57292642  5.9015672
  5.1207634   1.16787894  4.48616445  5.03306279  3.50515831  0.48994116
  4.81874284  2.97757979  4.07895132  2.94268956  5.57535799 -0.11963905
  6.1278474   3.34655934  6.35432706  1.11749843  2.75743824  4.76745041
  1.27584612  5.38842995  5.91416917  4.33884607  4.87208843  3.79073586
  3.8010516   5.1147712   0.08765896  1.35930693  2.58547281  6.13354488
  0.86043473  2.59857086  6.00608498  1.25326748  5.19629435  1.25349266
  3.435109    1.63487851  1.87316397  2.26089414  5.62156438  4.52207407]
epsilon = 3.2749560199971083e-09
Function evaluations: 10682
Gradient evaluations: 218
Warning: 0 (see https://docs.scipy.org/doc/scipy/reference/generated/scipy.optimize.fmin_cg.html for details)

L = 7:
theta0 = [5.51270426 5.69474542 6.26880644 0.95994345 0.50829184 5.98830875
 3.1459932  0.04915137 0.754757   2.92304349 5.42811867 4.36896578
 3.8845206  1.05427491 4.67666049 2.22281004 5.38551686 4.8935397
 3.20617593 5.28220565 3.89225612 4.69374516 4.4824621  1.58914535
 4.4579249  3.48672361 4.30715569 2.96469947 4.29385372 1.76935275
 2.98484537 3.68020724 4.77515162 3.4074605  3.98354522 0.08600907
 1.0341384  0.94445171 2.56137551 0.75715778 2.30889298 1.98369503
 1.61058802 4.35816232 1.26044046 0.10063817 5.40072982 5.73338369
 6.23880108 4.42709402 4.32098989 4.29105198 4.80724234 3.6109986
 5.41923832 4.99326076]
theta_result = [5.51270426 5.69474542 6.26880644 0.95994345 0.36670948 5.49659915
 3.45911311 0.39551157 0.87788186 2.61176685 5.28135315 4.51380833
 4.31225279 1.23303266 4.36542061 2.051801   5.09531304 5.5150565
 3.81362811 5.03943282 3.59297598 4.30625631 4.2848113  1.67454469
 4.84419145 2.81568339 4.13207498 3.54890383 4.44674606 1.56171937
 3.28516116 4.22385072 4.1659973  3.71904754 4.36496283 0.40848188
 0.97797183 0.7254024  2.35511452 1.38046242 2.5003342  2.1694753
 1.94782089 4.73669512 1.31946613 0.42183645 6.57190836 5.32486201
 6.04036185 4.3176629  4.58086684 4.54846874 4.41404122 3.83175598
 5.45237533 4.38349511]
epsilon = 1.0503762047834245e-09
Function evaluations: 6327
Gradient evaluations: 111
Warning: 0 (see https://docs.scipy.org/doc/scipy/reference/generated/scipy.optimize.fmin_cg.html for details)

L = 8:
theta0 = [2.41460984 0.99630578 1.5038779  3.34452016 0.93439942 3.02812198
 1.57772547 5.29531111 3.49353184 2.39461424 6.25835227 3.30196705
 0.02799597 1.43252604 4.40615132 6.01445759 4.09325536 2.41330791
 0.57358056 5.65021189 2.29300853 5.13719186 1.4096714  0.04701199
 2.24082094 5.67509661 5.34095627 5.43159641 1.00249991 2.87582126
 2.88845928 3.83309838 2.39271826 5.51288006 2.20131762 4.8523918
 0.56064727 2.38409754 5.881151   0.16929975 4.44035498 3.9347965
 0.77648894 5.85256468 0.77580328 4.06523731 3.81493147 4.24270007
 2.20029273 1.62824697 2.67376106 5.33428959 1.78295964 0.34176842
 3.55254733 2.76532828 3.53559891 5.66291296 0.28861031 4.00327411
 0.14318013 1.85996164 3.20747736 1.01246763]
theta_result = [ 2.41460984  0.99630578  1.5038779   3.34452016  0.79925126  3.18291417
  1.79899837  5.13359291  3.49958807  2.42001615  5.24902342  2.92459011
  0.37631362  0.73403473  3.5402115   6.09996438  3.88798947  2.86788238
  0.84981355  5.58538378  1.94269106  5.20460357  0.45950386 -0.75582908
  2.23829083  5.98168614  4.90191958  5.56422536  1.41792051  4.31714368
  2.83878367  4.15463487  2.63570596  5.71641527  2.59816497  4.55347268
  0.86932953  3.0526295   6.73665023 -0.34032518  5.69629712  3.70273238
  1.28970329  5.47289564  1.39594894  3.23308752  4.3040502   4.41031375
  1.90431081  2.2342832   2.79387233  4.66983809  1.71461917 -0.99039241
  2.46398624  2.79883491  3.32279577  6.7951964  -0.0373571   4.43833098
  0.25221474  0.56580354  2.80622356  2.14708547]
epsilon = 4.660548302349598e-10
Function evaluations: 8645
Gradient evaluations: 133
Warning: 0 (see https://docs.scipy.org/doc/scipy/reference/generated/scipy.optimize.fmin_cg.html for details)

L = 9:
theta0 = [2.06449662 0.03314211 4.1007592  5.01198382 2.59070462 4.87060679
 2.46236968 1.28403688 4.36347212 4.71264469 5.94909611 3.00016058
 1.54464149 1.40616722 4.22052932 3.33177519 0.37064071 3.35519174
 1.77204012 3.9824349  0.1019369  4.68703472 5.36637391 3.06041181
 2.18140545 2.66002089 0.58529227 2.54927011 4.62995095 0.22062648
 2.10823007 5.85120119 0.86820036 3.98821817 5.73209733 4.04677279
 3.74322252 2.44133883 1.3847409  1.88794873 2.49131574 1.04272784
 1.19682763 4.11147765 2.67672532 5.02666261 2.92500977 1.99453879
 0.78413212 6.0922368  4.58044674 1.16583439 1.063045   2.46135615
 4.84397804 2.38374224 3.09664329 5.06622169 6.09620115 1.17180519
 4.41714366 2.14261643 2.88406443 4.91491362 0.55134348 2.82263407
 3.51585313 4.18867476 1.68252306 3.5620211  5.42802655 2.43381144]
theta_result = [2.06449662 0.03314211 4.1007592  5.01198382 2.33739804 4.59192542
 1.99236242 1.59847757 4.6367055  4.56642236 6.12864496 2.86578602
 1.44902483 1.58538353 4.54674202 3.16540441 0.71073335 3.3471545
 1.98553494 3.85645218 0.24059944 5.32740054 5.34930747 3.05930448
 2.51240579 2.70379175 0.90838806 2.48044529 4.59999729 0.64821874
 2.20540148 5.89585054 1.01254051 3.92190759 5.6934201  4.04367091
 3.2024908  2.60152441 1.32268307 1.89326551 2.12223006 0.98661451
 0.99901999 3.85052479 2.17692691 4.64044447 3.43514338 2.41163381
 0.46283619 5.65606494 4.52308864 0.90568988 1.05355401 2.35037891
 5.19084538 2.18378869 2.82832688 5.1910034  6.06954255 1.36516252
 4.31622643 2.05492547 2.66453601 4.8922055  0.7207926  3.15383529
 3.3128358  3.81080199 2.50098046 3.60894285 5.27323306 2.8960913 ]
epsilon = 1.4739329061275239e-10
Function evaluations: 7081
Gradient evaluations: 97
Warning: 0 (see https://docs.scipy.org/doc/scipy/reference/generated/scipy.optimize.fmin_cg.html for details)

L = 10:
theta0 = [3.43586421 1.76748169 4.84208991 1.02467257 1.95983352 4.66514003
 1.37456424 3.94494967 3.15569167 3.83091327 0.33790028 3.82354256
 0.75806837 5.07446399 6.25025571 0.58164329 0.73226417 5.89534461
 0.88116999 5.94621186 6.14831394 3.83551075 0.30545897 4.41726239
 1.84010444 3.48690657 2.62803048 0.12725443 2.32542819 0.66733978
 4.30945232 0.50241028 3.28677151 5.86030557 4.84118738 6.2337393
 0.42689677 3.73934347 4.0892568  2.76050639 4.42377013 5.88021091
 1.45144798 0.45763079 4.929608   1.1589057  2.8562765  1.15512298
 4.74994445 3.74892224 0.43119125 6.03239704 2.98726652 1.31454647
 3.22528924 5.29357563 2.61272068 2.69019987 3.0573037  0.24820646
 3.93904465 5.4205251  4.89600882 3.17025292 4.24659904 5.04242499
 1.63275932 0.51460584 3.89565828 3.06519391 0.7613688  3.10081894
 4.48726059 5.87847673 0.44656752 3.47561414 5.97915058 0.13554861
 0.85402582 0.91376869]
theta_result = [ 3.43586421  1.76748169  4.84208991  1.02467257  1.91472928  4.64538339
  1.26840775  3.97215376  3.53994252  3.61703461  0.37954627  3.85646894
  0.9478826   4.9008707   6.1167457   0.20741152  1.02797905  5.81475621
  0.92500403  6.36626253  6.34859389  3.61324208 -0.21846158  4.41632222
  2.13769192  3.31621502  2.68898407 -0.11267182  2.27614795  0.73150094
  3.97608959  0.45121901  3.15536088  6.01820857  4.68317132  6.22320851
  1.0311764   3.57139898  3.81068767  2.17969857  4.2293165   5.66322906
  1.26788405  0.70171769  4.69569893  0.80719962  2.72219521  0.77855512
  4.96515344  3.47420172  0.52501766  5.95586477  3.08020219  1.60463843
  3.22885036  5.34448562  2.33836494  2.50796611  3.057463    0.04722287
  4.04134493  5.47352638  4.79640415  3.54840921  4.39135231  4.77454646
  1.80926927  0.79672265  3.84873388  2.98485676  0.87525931  3.48107003
  4.47796783  6.27320787  0.49513304  3.1764367   5.68552764  0.17620334
  0.62509473  1.17081506]
epsilon = 7.742298771790628e-10
Function evaluations: 8181
Gradient evaluations: 101
Warning: 0 (see https://docs.scipy.org/doc/scipy/reference/generated/scipy.optimize.fmin_cg.html for details)

