phi = Statevector([-0.34359428+0.21281923j,  0.12705277-0.18425383j,
              0.20572843+0.08178625j, -0.07274069+0.0907405j ,
              0.16086129+0.02114608j, -0.17110951-0.10940986j,
             -0.22879352-0.08945363j, -0.08580147+0.40814671j,
              0.00836233-0.12770551j, -0.23943594-0.00866207j,
              0.24488118+0.20256811j,  0.00983812+0.25303298j,
             -0.07065572+0.18429243j, -0.17120285+0.16871357j,
             -0.26245267+0.06106277j,  0.0948745 +0.0700436j ],
            dims=(2, 2, 2, 2))

L = 1:
theta0 = [4.16328982 2.80135685 2.51013019 1.24138996 2.66571646 4.20841406
 4.11167731 4.51550513]
theta_result = [5.16130349e+00 2.58347832e+00 3.99733077e+00 8.94411611e-05
 3.01550365e+00 4.86604340e+00 5.12352072e+00 3.14162501e+00]
epsilon = 1.1923217635755927
Function evaluations: 1086
Gradient evaluations: 119
Warning: 2 (see https://docs.scipy.org/doc/scipy/reference/generated/scipy.optimize.fmin_cg.html for details)

L = 2:
theta0 = [2.57590942e+00 3.96962088e+00 7.32999603e-01 5.89591898e+00
 3.11577720e+00 3.40530817e+00 2.83192688e+00 1.73538691e-03
 1.30818107e+00 4.74617287e+00 4.08008151e+00 2.02605410e+00
 1.36451771e+00 4.83473852e+00 4.86082442e-01 2.08051807e+00]
theta_result = [2.88710582 3.03829781 1.07892212 5.53346125 4.7761695  2.81269455
 2.43476471 1.07615829 3.13685431 1.88516806 2.7570901  3.2575758
 0.68214982 5.84919552 0.84564644 2.52362105]
epsilon = 0.3696313556868179
Function evaluations: 3536
Gradient evaluations: 208
Warning: 0 (see https://docs.scipy.org/doc/scipy/reference/generated/scipy.optimize.fmin_cg.html for details)

L = 3:
theta0 = [2.01956032 1.38087809 5.98366278 2.57314989 1.91914356 1.58908782
 4.76969319 4.56083638 2.12364515 0.70745914 3.09994098 6.15981941
 6.08966928 1.06988732 3.03349345 4.87017532 0.11938214 4.68232605
 6.07837057 5.01943057 2.30121152 5.83079001 3.48983217 5.86015929]
theta_result = [ 3.68536268  4.40734461  6.9874252   3.14420196  2.01144138 -0.23861151
  7.45823695  3.45700854  2.32949463  0.42535372  2.4678995   6.28919164
  4.16284526 -1.16611915  1.76312235  4.66905547 -0.50967116  4.25030787
  6.05005255  3.76704726  1.93540101  6.6186749   3.82758953  4.9581224 ]
epsilon = 0.031058188575081937
Function evaluations: 15125
Gradient evaluations: 605
Warning: 0 (see https://docs.scipy.org/doc/scipy/reference/generated/scipy.optimize.fmin_cg.html for details)

L = 4:
theta0 = [5.02915961 3.6442976  1.76058011 2.69600819 4.48192498 5.81035859
 4.30953093 3.9583635  5.6255266  6.24806066 5.78632638 1.3187252
 1.38104405 2.15774543 2.64003393 5.3604751  5.91994795 0.32170658
 3.61870319 1.79194989 3.07812031 1.12695061 3.12522685 2.30504143
 0.82713538 5.05647631 6.16238042 1.08496555 3.27903158 0.87049317
 3.09933504 2.80097102]
theta_result = [ 3.46364681  4.85644603 -0.67597642  2.26758672  3.54542707  3.99331845
  5.2371317   3.48161822  5.24425851  7.06490449  5.83321832  2.0529349
  1.58603423  2.13804518  4.37474367  4.80517567  5.42534868 -0.0973062
  3.33608051  0.73002459  2.06102091  0.19677692  0.96424223  1.26575893
  0.56770315  5.98603732  5.32101688  0.70185557  4.57934998  1.85846111
  2.65910695  2.97742392]
epsilon = 2.243719203767404e-08
Function evaluations: 35805
Gradient evaluations: 1085
Warning: 0 (see https://docs.scipy.org/doc/scipy/reference/generated/scipy.optimize.fmin_cg.html for details)

L = 5:
theta0 = [2.27082467 4.64291915 0.25239808 2.74291801 4.39450781 0.54772529
 4.1757644  5.87269421 0.55201755 1.1745917  5.28051961 2.83147415
 1.01070688 2.4407702  5.55468818 1.87594058 4.00723431 0.41153399
 2.99541369 4.64806328 2.30604565 0.46568439 2.97635972 6.16611808
 6.03041298 2.78083661 5.62127196 1.90900435 6.02887439 1.51012852
 0.93075514 4.4533547  4.1431251  4.16534995 0.74872687 0.91963908
 1.38742949 5.78103231 0.18230619 1.86935831]
theta_result = [ 2.16189905  4.55267793  0.24092602  2.93741983  4.92244399  0.46326441
  5.17886055  6.23063761  0.65551467  2.39530526  5.18585585  2.81214891
  0.88031748  2.09121926  5.81238179  1.83040032  4.02315211  0.0192705
  1.74355385  5.64003992  2.57490454 -0.76265665  4.18165629  6.24781655
  6.55990183  3.78829568  5.96090924  3.2460759   6.16783056  1.88679947
  0.86287158  4.69258479  4.25970545  3.71285159  0.89995107  1.12484549
  0.9087592   6.19878674 -0.6978464   1.53391204]
epsilon = 2.220769708053509e-09
Function evaluations: 12382
Gradient evaluations: 302
Warning: 0 (see https://docs.scipy.org/doc/scipy/reference/generated/scipy.optimize.fmin_cg.html for details)

L = 6:
theta0 = [3.27609117 2.56275359 3.97502403 2.84234341 3.7644293  5.02334763
 4.56215453 2.49940141 4.60654146 2.83963719 4.84467849 6.02238019
 6.22937095 4.56412478 2.73047956 0.75407153 4.09474792 5.73610595
 2.37512423 2.91085726 2.04192511 0.94583756 3.34166174 2.84260163
 3.75629056 5.43539789 3.71550094 3.56739271 1.22109975 2.19791724
 3.06643539 1.74218758 2.88250146 3.44339247 5.40601454 3.08949095
 3.77218423 1.69974331 4.1765988  4.93564385 5.553861   5.46434283
 5.56080215 3.83974905 4.40625271 2.96598379 5.53382824 3.69432831]
theta_result = [2.30856372 2.8173152  3.70565688 2.7880954  3.10303259 4.54552241
 4.93045552 2.49704279 5.47029156 2.96137203 4.7905586  6.06676809
 5.46625003 4.6081369  2.43129736 0.99165329 2.99807475 5.11440067
 2.00388364 2.9262236  1.97808896 0.91602694 3.58262853 2.91210557
 3.74078095 4.72669335 3.12588615 3.15424058 1.2760472  2.49695065
 2.3864436  1.76564018 2.97179816 4.01130256 5.2604485  3.40983284
 3.34837536 1.39220598 4.48378889 4.51326923 5.67007296 5.78583179
 5.22559804 3.91116093 4.24716256 3.10862946 5.42875074 3.15360178]
epsilon = 4.855622894890953e-10
Function evaluations: 6321
Gradient evaluations: 129
Warning: 0 (see https://docs.scipy.org/doc/scipy/reference/generated/scipy.optimize.fmin_cg.html for details)

L = 7:
theta0 = [6.17919581 4.1954848  2.22466597 2.76044461 5.90640621 1.79707395
 0.67808086 4.88719482 3.26564771 2.7852126  0.28070704 5.25835416
 3.86515928 0.03403905 6.14207498 0.76539717 5.30181212 4.5369356
 5.03503213 5.58597803 4.55084501 4.82742382 4.27117593 6.14393757
 3.7726775  1.6268661  6.05893901 1.93550537 3.16496862 2.44121202
 5.86041939 3.76613702 0.46137602 3.39339795 4.11989905 1.38999223
 0.05317791 2.107855   5.99414341 6.25284366 2.83010994 0.78582571
 5.72747241 4.74834123 2.32739185 0.41771723 1.60075729 5.94645646
 5.48397888 5.42031551 3.36827023 1.85654669 0.0132535  3.06021034
 3.66677589 1.65083444]
theta_result = [ 6.1565585   3.9740265   2.44391754  2.70614143  6.70402077  1.23065566
  0.63815252  4.71146425  3.19588787  2.61075934  0.2546829   5.4897369
  4.05440227 -0.20953708  6.11903409  0.6408344   5.51234459  4.24942406
  5.31867351  5.78875291  4.50521038  4.29016195  3.91559747  6.00632443
  3.95578047  1.65962275  6.49915304  1.98482252  3.28702042  2.55016179
  5.95236907  3.74127719  0.82947895  3.48325833  3.96003598  1.06395686
 -0.41709312  2.18481249  6.25965768  6.2976516   2.5609142   0.56457734
  6.28151276  4.3808008   3.0805233   0.15672257  2.62286497  6.11843045
  5.55345235  5.83560396  3.86432184  2.40609379  0.33097547  3.21413252
  3.30047697  1.75454266]
epsilon = 2.233358513404649e-10
Function evaluations: 5757
Gradient evaluations: 101
Warning: 0 (see https://docs.scipy.org/doc/scipy/reference/generated/scipy.optimize.fmin_cg.html for details)

L = 8:
theta0 = [1.25981487 2.97634737 6.06026571 2.17458408 3.68692023 5.5706289
 4.63667992 2.21318135 0.26196318 2.25965552 3.47016529 3.95454952
 0.0775624  2.87484944 3.4287655  5.38659708 1.05446571 5.57869862
 0.86534365 6.28250078 5.22945821 2.11584892 4.39102176 3.66340278
 5.60021437 5.57645091 3.94145967 3.56901411 1.99608738 2.20507398
 0.21637981 4.80729489 2.76929676 1.27016368 1.62316267 0.34032669
 3.23616618 5.85639171 1.45993642 1.52589334 4.95618794 0.94367461
 3.839059   5.85569642 0.39936907 2.52070114 0.1243568  2.66492915
 5.79062588 3.11500006 2.43804633 5.04781276 3.2180341  1.98559964
 0.74540063 2.06853406 4.27821468 4.25474818 2.75667912 4.21272475
 1.11883283 1.08973421 6.26853864 0.20172596]
theta_result = [ 1.27754664  3.10250542  5.75803392  2.47501657  3.67774306  5.97389496
  4.42674898  2.34336857  0.05379578  2.08570048  3.02153127  3.70724867
  0.47928792  3.07780057  2.89124115  4.85919903  0.88859749  5.55017634
  0.64867346  6.13167784  5.04491102  1.8547878   4.6021388   3.63226115
  5.69793907  5.86410909  3.98141945  2.99651477  1.78009576  1.95559108
  0.24938438  4.76895916  2.74454832  0.91332408  1.93171723  0.45196701
  3.42312178  5.99161663  1.36037175  1.67118448  5.12120713  0.90334151
  4.19437153  6.09111023  0.13428163  3.02834021 -0.06983509  2.91124627
  6.14987117  3.38523195  2.06397108  4.88788891  3.21842106  2.23953429
  0.40057506  2.37331486  4.31631635  4.60829061  3.02497457  4.15444746
  0.44097723  0.77799567  5.8538803   0.75970578]
epsilon = 4.740402879962961e-10
Function evaluations: 13065
Gradient evaluations: 201
Warning: 0 (see https://docs.scipy.org/doc/scipy/reference/generated/scipy.optimize.fmin_cg.html for details)

L = 9:
theta0 = [6.15097441 3.60258831 2.10888612 5.07959808 1.84830078 5.39424574
 3.35925605 3.89281946 3.79321034 1.77568429 5.32074063 4.37868431
 2.11482851 3.49989094 2.17640586 6.21902236 1.61410442 3.37098275
 1.48784044 3.13893008 1.56188499 1.3116909  1.99503044 3.29359782
 0.81048699 3.17957388 5.98616113 3.3570555  3.49865818 1.15981116
 5.34260624 2.48564938 0.17095465 5.70712864 2.46727398 5.51979802
 0.15995923 0.9947777  4.42394204 4.32483352 4.48179377 1.43155514
 0.0216931  4.06721436 6.037843   0.26252804 1.74301748 5.5062193
 5.42201889 2.74456337 3.89523714 0.19976472 2.99925417 3.43577518
 2.87428338 5.31184993 0.15902752 2.91722452 6.02676222 2.85005142
 4.13419977 3.61727431 3.3219804  3.47964631 3.40982812 6.15206453
 3.87621802 1.05715577 2.71690322 1.12598035 3.46582532 1.23930986]
theta_result = [ 6.7688514   3.76674227  2.17836827  5.38783821  1.99806414  5.4819033
  3.22910535  3.74557817  3.26597412  1.80497182  5.17204656  4.70084524
  2.13807675  3.31180904  2.03929147  6.26366921  1.72990493  3.2852897
  1.05195887  3.16387482  1.68545116  1.2452135   1.84508008  3.37679876
  1.09353923  3.11176448  5.72397557  3.24318054  3.5928613   1.24090734
  5.48481478  2.33985255  0.53768017  5.60158214  2.0490442   5.62337112
  0.12581262  0.81901565  4.78352849  4.26184371  4.71833577  1.51169391
 -0.14446161  3.46179439  6.18281615  0.11057282  1.82268593  5.36960096
  4.64231037  2.84677947  3.68694903  0.47938817  3.35393678  3.3811338
  3.14467206  5.2852435   0.11766872  2.9758975   5.62070278  2.95091147
  4.12321605  3.78854788  3.74395779  3.22480346  4.03142877  6.05319334
  3.88580622  0.60209832  2.56982526  1.39105015  3.41587284  1.46779056]
epsilon = 3.5355129382652737e-10
Function evaluations: 7373
Gradient evaluations: 101
Warning: 0 (see https://docs.scipy.org/doc/scipy/reference/generated/scipy.optimize.fmin_cg.html for details)

L = 10:
theta0 = [4.40716399 4.71786037 3.66125556 4.67995602 3.15449103 1.57534992
 0.54518835 4.40964435 0.51894719 6.0659976  0.73496713 3.55649471
 4.10669623 4.95246245 5.26331741 3.24843967 5.07415816 2.05725463
 4.20695113 0.64695581 1.36846148 4.80450872 3.24010232 3.80409894
 0.82030039 3.75289475 3.84373363 3.13261165 5.60557712 4.31878331
 5.14140536 1.8244233  4.53723519 1.03023599 4.20879718 4.56453624
 2.71386423 5.45347107 3.19108106 4.29790898 1.79446645 2.80149497
 3.18181805 6.11486642 5.57367587 5.29735094 3.3169645  2.44667447
 2.71042899 0.81519267 5.47302978 1.95646915 2.45523671 4.332769
 0.33475361 3.19164362 5.71780109 4.46937054 1.15203712 3.21800478
 5.02768269 5.78772202 1.89988611 3.96909337 4.90209456 1.59392368
 5.04002461 0.36087325 4.88590004 1.69760419 0.76412448 4.3078416
 0.07046159 0.17464969 4.32361022 5.69727758 2.71041767 1.81017691
 0.08273513 0.50662063]
theta_result = [ 4.44598512  4.87516694  4.50733016  4.64839296  3.21756582  1.63852197
  0.77884139  4.42334601  0.6614682   6.03007998  0.8799428   3.53254925
  3.71695886  5.01017233  5.62118059  3.53361337  4.82114886  2.16279403
  4.2834933   0.17372515  1.70812512  4.63773012  2.99904456  3.31410838
  0.83453723  3.74492217  3.96775626  2.89967791  5.44873189  3.99128771
  5.44271718  1.59202688  4.41230084  1.78035806  3.80101925  4.85125552
  2.99112792  5.47499947  2.50053908  4.52857209  1.73069616  2.85073599
  3.57069526  6.46039869  5.50184962  5.39359429  3.06368172  3.08215986
  2.86319781  0.68282474  5.92145199  2.38002952  2.24188287  4.12382022
  0.60419182  3.38135997  5.63387832  4.44813841  0.74724085  3.12505252
  4.98801222  6.00018736  1.36446179  3.75116142  5.08343392  1.9080921
  5.51503463  1.0260166   4.71362308  1.19739096  0.74320151  4.39379249
  0.20403725 -0.38829081  4.51905599  5.67793499  2.72145423  2.09444458
  0.36249447  0.83660461]
epsilon = 4.098523500212008e-11
Function evaluations: 10611
Gradient evaluations: 131
Warning: 0 (see https://docs.scipy.org/doc/scipy/reference/generated/scipy.optimize.fmin_cg.html for details)

