phi = Statevector([-0.30735286-0.13817517j, -0.28353857-0.23357541j,
              0.02647986-0.00179144j,  0.13400832+0.18022193j,
             -0.29307805-0.08525133j,  0.11989495+0.08676656j,
              0.4608492 -0.21095381j, -0.0354823 -0.22476252j,
             -0.08780764-0.05066895j,  0.13820872+0.25012549j,
              0.25611126-0.05032988j, -0.16140596-0.08722027j,
              0.00768663-0.12667192j,  0.0010301 +0.01440194j,
              0.12930691+0.0156435j ,  0.18603739+0.12249785j],
            dims=(2, 2, 2, 2))

L = 1:
theta0 = [4.58416037 5.32333721 2.87983311 2.65770781 4.72605124 1.69479974
 5.11192214 1.02240665]
theta_result = [4.58416037 5.32333721 2.87983311 2.65770781 4.72605124 1.69479974
 5.11192214 1.02240665]
epsilon = 2.120482612557001
Function evaluations: 725
Gradient evaluations: 80
Warning: 2 (see https://docs.scipy.org/doc/scipy/reference/generated/scipy.optimize.fmin_cg.html for details)

L = 2:
theta0 = [3.14671867 1.97634205 2.49565435 1.69848804 5.17583253 0.80557001
 4.34923562 2.89440022 0.29327305 1.08692869 4.36288088 0.8450448
 5.24844096 6.11186638 1.42097169 4.96272828]
theta_result = [ 3.54849272  1.95941071  1.4167764   1.17915236  5.57760655  0.78863878
  3.27035748  2.37506454 -0.10109744  0.64317413  5.13048376  0.18483639
  4.85407048  5.66811181  2.18857455  4.30251981]
epsilon = 0.9682917212137855
Function evaluations: 1114
Gradient evaluations: 65
Warning: 2 (see https://docs.scipy.org/doc/scipy/reference/generated/scipy.optimize.fmin_cg.html for details)

L = 3:
theta0 = [4.53833216 0.11848289 4.67645457 5.87634002 6.20912083 0.2376781
 4.28384742 1.11504585 1.7653601  4.43210422 4.18888894 1.88430228
 4.03589064 4.9859294  5.45143178 4.86039161 0.41753268 0.59003635
 0.77391352 4.79699396 3.71469212 1.66077366 2.2244121  0.30735986]
theta_result = [ 4.66555392 -0.18647379  4.64861828  5.72713064  6.33634259 -0.06727857
  4.25601113  0.96583647  1.61033012  4.42804014  4.3846682   1.90840797
  3.88086066  4.98186532  5.64721105  4.88449731  0.54081338  0.90589835
  0.78539647  4.76964699  3.83797283  1.97663566  2.23589505  0.28001289]
epsilon = 1.6222294386164813
Function evaluations: 1331
Gradient evaluations: 53
Warning: 2 (see https://docs.scipy.org/doc/scipy/reference/generated/scipy.optimize.fmin_cg.html for details)

L = 4:
theta0 = [3.21556282 5.58694149 0.2173234  4.80352261 4.92495204 6.16674972
 0.07388403 3.25454405 5.27084182 0.40207881 3.87696698 2.1350349
 4.37692804 3.42994034 1.92092591 1.18233135 5.00043143 0.1587368
 0.2561845  4.56426266 2.72503262 3.17683181 3.17602    2.06275909
 3.21597406 2.3234854  1.46061419 3.68566912 2.34300481 1.32196762
 3.71571428 4.15003886]
theta_result = [ 2.82259655  5.67046369  0.08410817  5.02278179  4.53198577  6.25027192
 -0.0593312   3.47380324  5.3274416   0.51577282  3.95809302  2.06838489
  4.43352782  3.54363435  2.00205195  1.11568134  4.77691009  0.10387388
  0.25201524  4.73578072  2.50151128  3.1219689   3.17185074  2.23427715
  3.38564496  2.30041275  1.16737079  3.44492583  2.51267571  1.29889496
  3.42247087  3.90929558]
epsilon = 0.9373445845081042
Function evaluations: 1328
Gradient evaluations: 40
Warning: 2 (see https://docs.scipy.org/doc/scipy/reference/generated/scipy.optimize.fmin_cg.html for details)

L = 5:
theta0 = [1.88952512 5.32311955 2.54910264 1.82108965 5.80165077 2.89181717
 2.84336721 4.48363563 1.39315457 4.68953756 4.92449528 5.57097225
 1.91584687 4.29847311 1.85175153 3.27713337 5.60918707 5.33610921
 2.45904759 4.12882653 3.03458318 5.05093128 3.33574746 6.16706566
 1.35970223 1.86523859 1.70334198 2.72195727 2.91951474 0.60573434
 5.59459485 5.96144566 0.04708845 1.02604954 5.9468943  2.85759264
 4.19388549 5.69761637 2.89587992 4.9306843 ]
theta_result = [1.88952512 5.32311955 2.54910264 1.82108965 5.80165077 2.89181717
 2.84336721 4.48363563 1.39315457 4.68953756 4.92449528 5.57097225
 1.91584687 4.29847311 1.85175153 3.27713337 5.60918707 5.33610921
 2.45904759 4.12882653 3.03458318 5.05093128 3.33574746 6.16706566
 1.35970223 1.86523859 1.70334198 2.72195727 2.91951474 0.60573434
 5.59459485 5.96144566 0.04708845 1.02604954 5.9468943  2.85759264
 4.19388549 5.69761637 2.89587992 4.9306843 ]
epsilon = 2.238808608093103
Function evaluations: 2630
Gradient evaluations: 64
Warning: 2 (see https://docs.scipy.org/doc/scipy/reference/generated/scipy.optimize.fmin_cg.html for details)

L = 6:
theta0 = [3.14423695 1.81571536 5.39474209 1.93092274 2.72550055 2.26901518
 1.02317051 1.07969239 2.01381451 1.21662224 0.18325684 1.89814765
 5.1143741  5.71151535 2.8467339  4.37560384 3.02661501 0.71478563
 2.5314913  1.16509786 4.87454512 1.42485839 2.01911139 3.93349045
 2.3113223  4.80037683 0.97310266 3.59412277 1.22556617 3.843377
 4.78852819 5.88836563 2.07799172 6.10222468 4.41643984 5.4384756
 1.46088362 2.37150937 0.5533546  5.29563228 6.18377617 2.32169555
 4.89857713 5.7865561  3.11745118 1.48481138 5.02707598 5.77043507]
theta_result = [3.14423695 1.81571536 5.39474209 1.93092274 2.72550055 2.26901518
 1.02317051 1.07969239 2.01381451 1.21662224 0.18325684 1.89814765
 5.1143741  5.71151535 2.8467339  4.37560384 3.02661501 0.71478563
 2.5314913  1.16509786 4.87454512 1.42485839 2.01911139 3.93349045
 2.3113223  4.80037683 0.97310266 3.59412277 1.22556617 3.843377
 4.78852819 5.88836563 2.07799172 6.10222468 4.41643984 5.4384756
 1.46088362 2.37150937 0.5533546  5.29563228 6.18377617 2.32169555
 4.89857713 5.7865561  3.11745118 1.48481138 5.02707598 5.77043507]
epsilon = 2.1918004418135433
Function evaluations: 3386
Gradient evaluations: 69
Warning: 2 (see https://docs.scipy.org/doc/scipy/reference/generated/scipy.optimize.fmin_cg.html for details)

L = 7:
theta0 = [0.6075367  2.17749252 4.80555205 5.0277041  0.60100859 1.0762613
 0.7010885  2.23029712 0.21001709 2.55931158 0.50600903 4.76078046
 3.89542652 5.98516619 2.81613858 6.23947926 1.40763384 5.55243166
 3.56245341 5.20007003 2.85013766 6.14458446 1.49930292 3.64550792
 3.65067247 5.47994861 0.00691881 5.48782552 4.20498662 5.97409661
 1.35226235 4.51261906 2.59716966 3.24343286 0.25598689 4.22239425
 0.00972896 3.03192692 4.43028486 3.45647215 4.48000907 4.04911196
 0.24148583 5.761954   1.56537422 0.99729833 2.29536522 1.55996486
 5.3323905  5.95210665 4.86905547 0.51221402 5.15723316 3.45501814
 1.44340019 5.79894531]
theta_result = [ 0.65211475  2.45865886  4.85348501  5.12244816  0.64558665  1.35742765
  0.74902146  2.32504116 -0.02932381  2.6159502   0.91615636  4.9480673
  3.65608566  6.0418048   3.22628592  6.4267661   1.55133505  5.59790879
  3.53752134  5.60509623  2.99383888  6.1900616   1.47437083  4.0505341
  3.28175873  5.47407225 -0.15945121  5.19561963  3.83607287  5.96822022
  1.18589234  4.22041317  2.90755637  3.4421474   0.69435162  4.18953333
  0.32011566  3.23064146  4.86864963  3.42361123  4.63526485  3.97637892
  0.6209918   6.00044013  1.72062999  0.92456529  2.6748712   1.798451
  4.80156396  5.64659946  5.0338562   0.92633541  4.62640659  3.14951095
  1.60820093  6.2130667 ]
epsilon = 0.47622893147349266
Function evaluations: 3029
Gradient evaluations: 53
Warning: 2 (see https://docs.scipy.org/doc/scipy/reference/generated/scipy.optimize.fmin_cg.html for details)

L = 8:
theta0 = [4.07926862 3.61731691 3.49763256 3.35155161 5.04265281 1.92273747
 5.94515782 5.04713113 3.56000084 4.04707277 0.88293843 3.24100958
 1.84463618 0.74498475 1.09705267 4.13904553 1.62862522 4.89006079
 4.42198384 3.65751517 5.32716401 1.11481985 1.56321466 2.1029237
 3.36678294 5.55376389 2.60976973 5.87200603 0.21906775 1.83344581
 3.36126645 0.65895389 2.45515757 0.82055589 1.63434933 0.91139146
 1.37010957 3.8580635  3.43888501 0.87559089 0.27475581 4.52435564
 6.21493244 2.05610056 2.26403151 1.97541059 0.38189879 4.07207054
 1.78772744 1.19147197 4.72132873 3.84337147 0.34227183 0.67061394
 1.89067162 6.02160605 0.94662662 3.45856604 3.4101544  0.28041307
 4.77884975 6.27952979 2.59559315 4.04916766]
theta_result = [4.07926862 3.61731691 3.49763256 3.35155161 5.04265281 1.92273747
 5.94515782 5.04713113 3.56000084 4.04707277 0.88293843 3.24100958
 1.84463618 0.74498475 1.09705267 4.13904553 1.62862522 4.89006079
 4.42198384 3.65751517 5.32716401 1.11481985 1.56321466 2.1029237
 3.36678294 5.55376389 2.60976973 5.87200603 0.21906775 1.83344581
 3.36126645 0.65895389 2.45515757 0.82055589 1.63434933 0.91139146
 1.37010957 3.8580635  3.43888501 0.87559089 0.27475581 4.52435564
 6.21493244 2.05610056 2.26403151 1.97541059 0.38189879 4.07207054
 1.78772744 1.19147197 4.72132873 3.84337147 0.34227183 0.67061394
 1.89067162 6.02160605 0.94662662 3.45856604 3.4101544  0.28041307
 4.77884975 6.27952979 2.59559315 4.04916766]
epsilon = 1.7905930215016779
Function evaluations: 3776
Gradient evaluations: 58
Warning: 2 (see https://docs.scipy.org/doc/scipy/reference/generated/scipy.optimize.fmin_cg.html for details)

L = 9:
theta0 = [5.39428893 2.54788725 4.94868582 4.61242746 1.25321301 4.30432012
 2.343861   5.601975   0.07487413 5.25746675 5.47056586 3.91125437
 4.73051076 6.19617608 6.27971074 0.41218699 0.31459935 3.93019784
 5.43159038 4.35971445 1.56508148 3.78267339 6.24835434 4.0580529
 5.99366728 5.86703525 4.52178915 2.59199853 2.87477582 5.87789638
 1.00291649 5.14208513 5.04637395 1.89905759 0.47904476 6.02402761
 2.10191269 4.66139482 1.53848754 0.14341426 0.12972212 4.41496264
 1.19000304 4.26055952 3.45857337 5.89645143 5.42207076 1.62716873
 5.61195019 4.52281795 4.07283664 3.72580295 3.05741188 4.53776046
 2.32749632 0.26317127 1.38654556 4.03568328 4.51602823 5.89177466
 5.34897831 1.25156404 4.5602744  2.33839935 1.97393145 3.13771882
 0.80308426 4.72374688 2.94770225 3.12882768 4.68214115 6.1129388 ]
theta_result = [ 5.46807759  2.25084328  4.95768451  4.43467527  1.32700166  4.00727616
  2.35285971  5.42422281 -0.15312896  5.38726999  5.35637926  3.96996371
  4.50250768  6.32597932  6.16552416  0.47089634  0.42634406  4.00082677
  5.45807187  4.39079676  1.6768262   3.85330232  6.27483583  4.08913521
  6.03198013  6.0088071   4.67472022  2.55858763  2.91308866  6.01966822
  1.15584756  5.10867423  4.81588077  2.04864795  0.56965025  6.14029824
  1.87141952  4.81098518  1.62909304  0.25968488 -0.08722301  4.44977453
  1.44617114  4.07345209  3.24162824  5.93126333  5.67823886  1.4400613
  5.88308318  4.47496692  4.11985931  3.79414996  3.32854486  4.48990944
  2.37451898  0.33151828  1.56486558  3.79401382  4.45942867  5.59232955
  5.52729831  1.0098946   4.50367484  2.03895423  1.89890535  3.09468212
  0.82562486  4.95874963  2.87267614  3.08579098  4.70468174  6.34794155]
epsilon = 0.4994020174658562
Function evaluations: 3510
Gradient evaluations: 48
Warning: 2 (see https://docs.scipy.org/doc/scipy/reference/generated/scipy.optimize.fmin_cg.html for details)

L = 10:
theta0 = [2.98326648e+00 3.16350143e+00 2.20291335e+00 2.06146285e+00
 3.93944404e+00 4.64549351e+00 2.22167020e+00 4.42057206e-01
 1.28956304e+00 2.92391677e+00 1.44555722e+00 1.56585491e+00
 2.15566781e+00 3.41538863e+00 1.03786453e+00 5.70089597e+00
 7.67758468e-01 1.36592088e+00 1.98053572e+00 3.20940308e+00
 5.61857193e+00 4.86354214e+00 3.77161196e+00 3.84587606e+00
 1.70055508e+00 2.80600433e+00 5.07224244e+00 3.43309796e+00
 4.54126968e+00 1.15237374e+00 5.48732163e+00 4.69380627e+00
 5.68319851e-01 3.19674543e+00 2.94093843e+00 2.40829537e+00
 5.55628371e+00 3.83381506e+00 3.48785460e-01 5.19354669e+00
 5.97192812e+00 8.73071777e-01 2.55227982e+00 2.38801624e+00
 1.43014381e+00 2.89051216e+00 4.28681677e+00 4.81581423e+00
 3.64680857e+00 5.37629527e+00 5.12168472e+00 5.51050909e-01
 4.02128389e+00 4.29836600e-01 5.41988129e+00 5.73987414e+00
 5.61280024e+00 1.49767113e-03 2.63358455e+00 3.64022913e+00
 1.39669576e+00 4.83831066e+00 3.77194912e+00 4.12885567e+00
 3.85942890e+00 1.04509312e+00 3.34053392e+00 3.95084794e+00
 2.91127559e+00 1.30151429e+00 1.43976689e+00 6.51031434e-01
 1.89043445e-02 2.42982701e+00 3.63313964e+00 6.08020950e+00
 4.91265392e-01 4.88442426e+00 5.03012710e-01 5.29660570e+00]
theta_result = [2.98326648e+00 3.16350143e+00 2.20291335e+00 2.06146285e+00
 3.93944404e+00 4.64549351e+00 2.22167020e+00 4.42057206e-01
 1.28956304e+00 2.92391677e+00 1.44555722e+00 1.56585491e+00
 2.15566781e+00 3.41538863e+00 1.03786453e+00 5.70089597e+00
 7.67758468e-01 1.36592088e+00 1.98053572e+00 3.20940308e+00
 5.61857193e+00 4.86354214e+00 3.77161196e+00 3.84587606e+00
 1.70055508e+00 2.80600433e+00 5.07224244e+00 3.43309796e+00
 4.54126968e+00 1.15237374e+00 5.48732163e+00 4.69380627e+00
 5.68319851e-01 3.19674543e+00 2.94093843e+00 2.40829537e+00
 5.55628371e+00 3.83381506e+00 3.48785460e-01 5.19354669e+00
 5.97192812e+00 8.73071777e-01 2.55227982e+00 2.38801624e+00
 1.43014381e+00 2.89051216e+00 4.28681677e+00 4.81581423e+00
 3.64680857e+00 5.37629527e+00 5.12168472e+00 5.51050909e-01
 4.02128389e+00 4.29836600e-01 5.41988129e+00 5.73987414e+00
 5.61280024e+00 1.49767113e-03 2.63358455e+00 3.64022913e+00
 1.39669576e+00 4.83831066e+00 3.77194912e+00 4.12885567e+00
 3.85942890e+00 1.04509312e+00 3.34053392e+00 3.95084794e+00
 2.91127559e+00 1.30151429e+00 1.43976689e+00 6.51031434e-01
 1.89043445e-02 2.42982701e+00 3.63313964e+00 6.08020950e+00
 4.91265392e-01 4.88442426e+00 5.03012710e-01 5.29660570e+00]
epsilon = 2.000894821967774
Function evaluations: 4138
Gradient evaluations: 51
Warning: 2 (see https://docs.scipy.org/doc/scipy/reference/generated/scipy.optimize.fmin_cg.html for details)

