phi = Statevector([-0.22824326+0.00579343j, -0.24669508+0.07691045j,
              0.11487036+0.20899099j,  0.1284148 -0.14022763j,
              0.22945606-0.20835605j,  0.06308674+0.20221405j,
              0.28019599-0.02957318j,  0.09083336+0.26069638j,
              0.10294245+0.17068853j,  0.00112547+0.08141673j,
              0.12245129+0.40481925j, -0.04620841-0.04334514j,
              0.22786987+0.01975882j,  0.20878046-0.37652275j,
             -0.03044213-0.0448744j ,  0.09030949-0.11628461j],
            dims=(2, 2, 2, 2))

L = 1:
theta0 = [3.63599823 0.15286523 0.6488724  3.87416387 4.72993933 5.70281869
 5.01671878 1.09503811]
theta_result = [5.4758461  0.63917371 2.4306704  3.96514521 6.56978721 6.18912717
 6.79851679 1.18601945]
epsilon = 1.582442894648098
Function evaluations: 466
Gradient evaluations: 51
Warning: 2 (see https://docs.scipy.org/doc/scipy/reference/generated/scipy.optimize.fmin_cg.html for details)

L = 2:
theta0 = [1.94361801 1.06440018 0.05737708 2.80975959 0.62088335 0.10042371
 4.99539761 1.38908257 5.44990809 2.21943607 1.11589285 2.77761985
 2.71112694 2.19847587 5.6633134  4.49991302]
theta_result = [ 1.06129915  2.42086572 -0.04383039  2.04778243 -0.26143546  1.45688924
  4.89419031  0.62710558  4.65479377  1.76015891  0.90663024  3.67610664
  1.91601262  1.73919874  5.4540508   5.39839982]
epsilon = 1.2969082670452476
Function evaluations: 1025
Gradient evaluations: 60
Warning: 2 (see https://docs.scipy.org/doc/scipy/reference/generated/scipy.optimize.fmin_cg.html for details)

L = 3:
theta0 = [4.11338299 2.85712443 1.2709844  4.96602185 4.10976904 0.91006491
 2.07054138 5.49629758 4.21363769 6.27463963 5.25111344 3.00069078
 0.07981031 0.30974522 2.77804675 6.14309805 0.8418518  1.88469835
 2.85729422 1.66830705 3.56277408 4.29175041 4.4851035  1.32487976]
theta_result = [4.11338299 2.85712443 1.2709844  4.96602185 4.10976904 0.91006491
 2.07054138 5.49629758 4.21363769 6.27463963 5.25111344 3.00069078
 0.07981031 0.30974522 2.77804675 6.14309805 0.8418518  1.88469835
 2.85729422 1.66830705 3.56277408 4.29175041 4.4851035  1.32487976]
epsilon = 1.8515613324725575
Function evaluations: 1653
Gradient evaluations: 66
Warning: 2 (see https://docs.scipy.org/doc/scipy/reference/generated/scipy.optimize.fmin_cg.html for details)

L = 4:
theta0 = [0.67176991 5.93522204 3.16893425 5.63249663 2.93592869 5.42461521
 0.32820929 0.0088433  2.75049262 3.50554204 1.18457228 0.64147335
 2.23896722 5.84581218 1.30914746 0.5114331  1.43924554 4.87247585
 5.59273987 2.98085414 1.1859612  0.10289069 4.6897561  4.76280107
 2.57660352 6.12298916 3.96499266 1.27644763 3.28031441 1.55574845
 5.56345089 5.05904147]
theta_result = [ 0.65000488  6.39156412  3.53838708  5.50146885  2.91416305  5.88095725
  0.69766214 -0.12218434  2.65504729  3.73417884  1.28456082  0.4602733
  2.14352182  6.07444889  1.40913639  0.33023322  0.75610256  4.95175515
  5.97822677  2.701877    0.50281817  0.18217003  5.0752428   4.48382389
  3.5730404   6.39499877  3.51179591  0.83482626  4.27675131  1.82775801
  5.11025421  4.61742025]
epsilon = 0.7063942532846882
Function evaluations: 2046
Gradient evaluations: 62
Warning: 0 (see https://docs.scipy.org/doc/scipy/reference/generated/scipy.optimize.fmin_cg.html for details)

L = 5:
theta0 = [4.76066002 0.87745195 1.67987655 2.68269011 2.72927183 1.06225013
 1.08374271 0.68490057 2.42670188 5.70574093 4.99719525 0.99193752
 2.74270775 1.76054343 2.97214706 5.44109803 0.12996526 0.65741774
 1.01203344 4.82697645 1.66100571 4.77053708 0.67285327 3.871554
 2.00732892 3.88172006 0.25309482 2.25524419 4.7692721  4.04946904
 5.91881522 4.84153238 6.08316724 5.54016896 0.62030988 2.57770749
 5.23231019 4.28687698 0.39841138 5.21872026]
theta_result = [ 4.84476891  0.82080067  1.36718546  2.61884154  2.81338072  1.00559884
  0.77105162  0.621052    2.44497801  5.727665    4.89199204  1.03857137
  2.76098388  1.78246736  2.86694389  5.48773188 -0.06311324  1.10341154
  0.78810245  4.41962787  1.46792722  5.21653087  0.44892227  3.46420543
  2.25740758  3.87220605  0.66834236  2.52891458  5.01935082  4.03995506
  6.33406275  5.11520277  6.0460654   5.66706915  0.62685545  2.75975335
  5.19520834  4.41377717  0.40495692  5.40076612]
epsilon = 1.232907780029295
Function evaluations: 3000
Gradient evaluations: 73
Warning: 2 (see https://docs.scipy.org/doc/scipy/reference/generated/scipy.optimize.fmin_cg.html for details)

L = 6:
theta0 = [5.38992851 0.48016229 1.02909532 1.71578157 0.68963821 3.00345839
 0.89962119 5.92074727 1.2471169  0.92649752 2.38746317 0.81641994
 2.45894658 0.75828967 0.91113192 4.51323841 2.12723347 6.2448839
 5.08477328 1.08814562 3.56949759 1.30346582 0.49905177 0.16202398
 4.71041306 3.87241022 2.43260735 0.66036825 5.90084872 4.69953005
 5.29044239 0.27349742 3.2491854  1.88950682 3.88119765 6.01335591
 5.91703308 1.5849192  0.75270055 3.56701336 3.33313631 4.04230289
 2.5774667  3.97999552 1.56170821 4.18057579 4.80788149 6.20902796]
theta_result = [ 5.5591383   0.32521068  1.08895322  1.75526052  0.858848    2.84850677
  0.95947911  5.96022622  1.14362924  0.82664525  2.16330379  0.65429167
  2.35545892  0.65843737  0.68697254  4.35111015  1.87579027  6.13754497
  5.02583241  1.21092749  3.3180544   1.19612689  0.44011091  0.28480585
  4.46548362  3.94715966  2.43455282  0.35641593  5.65591928  4.77427949
  5.29238789 -0.0304549   3.22845966  1.6755255   3.527291    6.04783059
  5.89630735  1.37093788  0.3987939   3.60148804  3.12131511  3.89977637
  2.68571654  3.91140142  1.349887    4.03804927  4.91613134  6.14043386]
epsilon = 0.7970518195059737
Function evaluations: 2362
Gradient evaluations: 48
Warning: 2 (see https://docs.scipy.org/doc/scipy/reference/generated/scipy.optimize.fmin_cg.html for details)

L = 7:
theta0 = [3.28143777 1.40870537 5.8670664  6.03902234 2.36648582 2.56821737
 5.16581166 3.88739145 1.24690257 5.20503818 4.62787296 0.6873467
 3.0855721  5.27050176 2.33927741 1.55371146 0.84879455 5.30013121
 4.35787812 4.33784857 3.11469816 4.81741198 1.74806457 2.23130284
 1.367468   3.79022228 3.79092351 1.44070536 1.95807594 5.39006114
 4.62374648 2.08247043 5.48632722 2.13712561 0.52813904 2.63146139
 2.89984694 2.33033584 1.73437714 2.78967322 5.10441519 1.88094626
 0.10735354 3.68056993 3.3870871  0.97863922 3.73792614 5.79761381
 5.27177631 3.00964032 1.92824598 3.29839561 0.76455081 0.9567713
 3.67503749 5.77461101]
theta_result = [3.28143777 1.40870537 5.8670664  6.03902234 2.36648582 2.56821737
 5.16581166 3.88739145 1.24690257 5.20503818 4.62787296 0.6873467
 3.0855721  5.27050176 2.33927741 1.55371146 0.84879455 5.30013121
 4.35787812 4.33784857 3.11469816 4.81741198 1.74806457 2.23130284
 1.367468   3.79022228 3.79092351 1.44070536 1.95807594 5.39006114
 4.62374648 2.08247043 5.48632722 2.13712561 0.52813904 2.63146139
 2.89984694 2.33033584 1.73437714 2.78967322 5.10441519 1.88094626
 0.10735354 3.68056993 3.3870871  0.97863922 3.73792614 5.79761381
 5.27177631 3.00964032 1.92824598 3.29839561 0.76455081 0.9567713
 3.67503749 5.77461101]
epsilon = 2.1796577755574877
Function evaluations: 3082
Gradient evaluations: 54
Warning: 2 (see https://docs.scipy.org/doc/scipy/reference/generated/scipy.optimize.fmin_cg.html for details)

L = 8:
theta0 = [2.15378166 1.6051726  0.12002239 1.71279385 2.55600321 3.19560804
 1.89086966 4.30734963 5.94574522 0.66451753 2.14058591 0.55840513
 0.00863346 5.87331387 4.87489617 3.4334756  1.08790502 5.30430014
 3.74636729 5.11815408 4.7503753  6.12115786 1.29320368 3.78392199
 2.82931878 1.07192911 0.38014205 3.04179076 2.7678436  1.39671782
 5.35128752 2.16984387 2.74425174 1.04523304 3.40655519 5.76695309
 3.81018389 5.819907   1.49435105 4.70760139 1.14479877 3.10606876
 4.13413346 5.7073621  2.72774529 2.01335646 5.98466955 0.39217686
 0.40844629 1.06156788 1.67050524 6.27771823 6.06430183 2.68830863
 1.98342133 0.79643903 1.87320144 4.86783931 0.70273649 4.46393095
 3.3162902  0.09504195 2.59744736 4.45402841]
theta_result = [ 2.56101681  1.34767049  0.13940096  1.62876018  2.96323835  2.93810592
  1.91024823  4.22331596  5.7128588   0.41359892  2.25278949  0.14603856
 -0.22425296  5.62239526  4.98709975  3.02110904  1.27333447  5.61695204
  3.90801443  5.38299772  4.93580473  6.43380975  1.45485081  4.04876563
  3.30159847  1.17593715  0.65120795  2.76032939  3.24012328  1.50072586
  5.62235343  1.88838249  3.08610157  0.98704796  3.14361689  5.78230218
  4.15203371  5.76172193  1.23141277  4.72295048  0.87818936  2.98203875
  4.13483616  5.59923189  2.46113581  1.8893264   5.98537226  0.28404665
  0.24108561  1.16624205  1.64701659  6.5533189   5.89694116  2.79298279
  1.95993267  1.07203971  1.91954201  4.73276712  0.55950913  4.31381873
  3.36263078 -0.04003024  2.45422     4.30391617]
epsilon = 1.1084128235939752
Function evaluations: 4099
Gradient evaluations: 63
Warning: 2 (see https://docs.scipy.org/doc/scipy/reference/generated/scipy.optimize.fmin_cg.html for details)

L = 9:
theta0 = [0.90938031 3.81613999 5.49471405 4.11802594 0.22350059 5.33652498
 1.42888533 4.68226178 1.54763013 4.69511698 1.23771794 2.92548578
 1.50894283 2.27171046 5.13018686 1.38862007 5.10818257 2.34743023
 2.51680578 6.17731503 0.59708298 4.58051083 0.20845347 3.5435852
 3.60262671 2.98486412 6.12303568 0.73018776 5.99180231 4.91213752
 1.89892905 4.11406071 1.07560988 4.64902112 4.90078136 1.65247555
 0.11552349 0.01307631 0.38691385 2.32540674 2.41013501 2.72643262
 0.02002862 0.65180356 4.54340804 0.14734536 2.03232198 0.58923555
 1.80581579 3.83650319 3.9233149  1.66398701 3.00619134 4.36185697
 1.6431406  0.19547255 5.44244026 1.25648892 1.53283656 4.46041415
 2.0428119  1.79153619 0.70249623 5.03557031 4.62038505 5.04698015
 1.17244116 0.74620014 3.86915464 3.4987209  0.79593484 4.47961958]
theta_result = [ 0.71061385  3.79209068  5.90274621  4.49518349  0.02473414  5.31247569
  1.83691749  5.05941935  1.45596379  5.01778915  1.49711589  2.791163
  1.4172766   2.59438263  5.38958479  1.25429733  5.14751989  2.29433752
  2.74100816  6.01902605  0.6364203   4.52741817  0.43265585  3.38529622
  3.47198443  3.14718337  6.42538952  1.05683384  5.86116004  5.07445678
  2.20128289  4.44070679  1.18747302  4.66463792  5.02872709  1.71279466
  0.22738664  0.02869312  0.51485962  2.38572589  2.01490516  2.80646726
 -0.1084558   0.8377424   4.1481782   0.22738     1.90383754  0.77517439
  1.45330694  3.80682208  4.01636916  1.72467734  2.65368249  4.33217585
  1.73619484  0.25616288  5.7865126   1.37558448  1.28756609  4.33441943
  2.38688421  1.91063175  0.45722575  4.90957568  4.63475944  4.88198396
  1.67034842  0.74231656  3.88352904  3.33372471  1.2938421   4.47573595]
epsilon = 0.7321925608978469
Function evaluations: 3510
Gradient evaluations: 48
Warning: 2 (see https://docs.scipy.org/doc/scipy/reference/generated/scipy.optimize.fmin_cg.html for details)

L = 10:
theta0 = [0.67283171 3.72608634 0.09970541 1.633939   5.2711929  5.75224204
 1.37813012 6.05506284 4.11677487 5.02354304 5.17025913 0.07191686
 3.93790613 0.0686707  0.86782769 2.68253109 2.76110281 1.31189898
 3.64145487 5.11104547 1.08755487 5.82162684 5.48132957 1.27786222
 2.51316056 0.20381326 2.54629044 4.71863391 0.84597385 1.34909358
 0.81250419 5.70381733 1.60846784 1.77461428 4.85305355 2.03497136
 5.28440834 3.64521573 1.20635834 3.18311044 5.49683887 0.73321073
 0.66825005 0.16422678 2.41997519 4.49549685 2.75305951 2.19033819
 2.99477875 4.78332075 0.96497165 2.78614197 0.2663461  4.23366604
 4.37292662 3.40262755 0.07417226 1.0621452  5.47321332 3.06789344
 0.47880187 1.23321292 6.05754336 4.19564588 4.3576916  1.73759781
 4.82034863 0.82728308 3.11950852 1.01274379 5.78818212 5.14891839
 3.37178729 0.3668846  1.68989897 5.10512478 2.16569145 0.07720042
 2.96445291 5.5302032 ]
theta_result = [0.67283171 3.72608634 0.09970541 1.633939   5.2711929  5.75224204
 1.37813012 6.05506284 4.11677487 5.02354304 5.17025913 0.07191686
 3.93790613 0.0686707  0.86782769 2.68253109 2.76110281 1.31189898
 3.64145487 5.11104547 1.08755487 5.82162684 5.48132957 1.27786222
 2.51316056 0.20381326 2.54629044 4.71863391 0.84597385 1.34909358
 0.81250419 5.70381733 1.60846784 1.77461428 4.85305355 2.03497136
 5.28440834 3.64521573 1.20635834 3.18311044 5.49683887 0.73321073
 0.66825005 0.16422678 2.41997519 4.49549685 2.75305951 2.19033819
 2.99477875 4.78332075 0.96497165 2.78614197 0.2663461  4.23366604
 4.37292662 3.40262755 0.07417226 1.0621452  5.47321332 3.06789344
 0.47880187 1.23321292 6.05754336 4.19564588 4.3576916  1.73759781
 4.82034863 0.82728308 3.11950852 1.01274379 5.78818212 5.14891839
 3.37178729 0.3668846  1.68989897 5.10512478 2.16569145 0.07720042
 2.96445291 5.5302032 ]
epsilon = 1.9259872177022874
Function evaluations: 4137
Gradient evaluations: 51
Warning: 2 (see https://docs.scipy.org/doc/scipy/reference/generated/scipy.optimize.fmin_cg.html for details)

