phi = Statevector([-0.06235107+0.16009439j,  0.11158812-0.09698j   ,
             -0.16417633+0.02828515j,  0.0280847 -0.36233107j,
             -0.03076114+0.18716307j,  0.11587921-0.18790022j,
             -0.16622405+0.20142313j, -0.24807307+0.12410527j,
             -0.27656907-0.13694662j,  0.03095689-0.23997243j,
             -0.12325314+0.42068945j,  0.05212945-0.02126049j,
              0.07660795+0.09403434j, -0.2235027 -0.31400117j,
              0.02270366+0.07211217j, -0.08755157+0.18212941j],
            dims=(2, 2, 2, 2))

L = 1:
theta0 = [5.72702893 5.33114736 0.02170819 2.97291233 1.04284142 0.2784254
 0.22653648 5.85092372]
theta_result = [ 44.75359458  -7.83939247  -2.79981882 -29.06817245  40.06940706
 -12.89211442  -2.59499052 -26.19016106]
epsilon = 1.9264008281515321
Function evaluations: 912
Gradient evaluations: 100
Warning: 2 (see https://docs.scipy.org/doc/scipy/reference/generated/scipy.optimize.fmin_cg.html for details)

L = 2:
theta0 = [2.17629374 2.28393743 4.17076278 1.870645   0.54209952 1.83663964
 2.85567665 2.08092839 3.72294001 4.69684506 3.9854431  5.04936929
 4.14759501 6.18863524 0.30746101 4.55643414]
theta_result = [1.75487064 2.95040122 4.33046462 2.81520914 0.12067637 2.50310366
 3.01537852 3.02549253 2.86393707 4.63706137 4.17246172 5.7129539
 3.28859208 6.12885148 0.49447951 5.2200188 ]
epsilon = 1.0742826152926819
Function evaluations: 833
Gradient evaluations: 49
Warning: 0 (see https://docs.scipy.org/doc/scipy/reference/generated/scipy.optimize.fmin_cg.html for details)

L = 3:
theta0 = [1.12719377 0.71908494 3.00831925 0.21355238 5.60334234 3.26043998
 4.19233323 4.96597922 3.92009019 4.57646596 0.09849136 3.071988
 1.56318657 0.03246876 1.40934126 3.79897481 0.98397846 0.47454911
 2.8818519  1.50546256 2.90721099 5.69388987 2.16201058 5.13897222]
theta_result = [ 1.32504405  0.36841736  3.31729844  0.41431717  5.80119262  2.9097724
  4.50131241  5.16674401  3.31860239  4.76255659 -0.22472617  3.28256243
  0.96169877  0.21855939  1.08612373  4.00954928  1.43364987  0.20184293
  2.92339823  1.06050184  3.35688235  5.42118369  2.20355691  4.69401151]
epsilon = 1.17871155531313
Function evaluations: 1380
Gradient evaluations: 55
Warning: 2 (see https://docs.scipy.org/doc/scipy/reference/generated/scipy.optimize.fmin_cg.html for details)

L = 4:
theta0 = [0.19069332 4.50451778 6.25918309 6.0319683  2.94812659 0.85441707
 5.83960906 3.39210765 2.26279231 3.43464364 0.13490187 1.93488314
 0.53329154 2.23296716 5.73851765 1.97417152 2.8068105  5.46560277
 1.98205807 0.45987119 3.8748841  4.59928015 1.08885821 6.0551488
 6.07907302 0.27451175 5.66908126 4.03610146 5.67173201 4.51256788
 4.0197758  3.00873159]
theta_result = [0.19069332 4.50451778 6.25918309 6.0319683  2.94812659 0.85441707
 5.83960906 3.39210765 2.26279231 3.43464364 0.13490187 1.93488314
 0.53329154 2.23296716 5.73851765 1.97417152 2.8068105  5.46560277
 1.98205807 0.45987119 3.8748841  4.59928015 1.08885821 6.0551488
 6.07907302 0.27451175 5.66908126 4.03610146 5.67173201 4.51256788
 4.0197758  3.00873159]
epsilon = 2.0068748335202837
Function evaluations: 2085
Gradient evaluations: 63
Warning: 2 (see https://docs.scipy.org/doc/scipy/reference/generated/scipy.optimize.fmin_cg.html for details)

L = 5:
theta0 = [2.45564182 0.308439   2.71973797 2.80330942 0.11369391 0.86438421
 3.0504913  3.34033018 5.25990351 4.04252268 2.62678835 1.86485391
 3.28366968 5.29525477 3.21607878 5.63695045 1.78462613 1.25023756
 2.31988674 4.0090882  1.21573343 1.73005591 2.68491064 4.58572154
 0.37099251 5.93779991 0.29115458 5.43055694 3.25780019 2.2119482
 6.15981539 2.07027694 3.32025569 0.17423087 0.23111729 2.66840478
 2.61562321 6.09091024 5.66471552 6.18953379]
theta_result = [2.45564182 0.308439   2.71973797 2.80330942 0.11369391 0.86438421
 3.0504913  3.34033018 5.25990351 4.04252268 2.62678835 1.86485391
 3.28366968 5.29525477 3.21607878 5.63695045 1.78462613 1.25023756
 2.31988674 4.0090882  1.21573343 1.73005591 2.68491064 4.58572154
 0.37099251 5.93779991 0.29115458 5.43055694 3.25780019 2.2119482
 6.15981539 2.07027694 3.32025569 0.17423087 0.23111729 2.66840478
 2.61562321 6.09091024 5.66471552 6.18953379]
epsilon = 2.569228915572618
Function evaluations: 2791
Gradient evaluations: 68
Warning: 2 (see https://docs.scipy.org/doc/scipy/reference/generated/scipy.optimize.fmin_cg.html for details)

L = 6:
theta0 = [1.64066014 2.8104675  2.39159876 2.13982635 4.8194572  2.22898551
 1.18587956 2.39222303 1.4012059  2.6309072  4.44260986 0.93435383
 5.86461185 1.06600301 0.45378769 1.25894672 0.82183542 5.45999053
 1.30901709 0.81707748 2.736063   5.54669102 5.49291276 1.46405468
 4.39130173 1.4456062  0.54442631 0.40338859 3.43639353 3.84724138
 1.99709613 2.16067941 0.22884873 2.29223029 5.10214385 1.25260174
 4.65525041 4.30070249 5.09786894 2.54556755 5.96738724 1.09660637
 0.09411794 1.31325631 3.15190134 3.04079257 2.27465497 3.35155165]
theta_result = [ 1.54823657e+00  2.99318412e+00  2.38962953e+00  2.15227015e+00
  4.72703363e+00  2.41170213e+00  1.18391033e+00  2.40466682e+00
  1.35514443e+00  2.52661732e+00  4.24289700e+00  8.00449906e-01
  5.81855038e+00  9.61713133e-01  2.54074800e-01  1.12504279e+00
  9.09556258e-01  5.35052110e+00  1.30059065e+00  5.33796035e-01
  2.82378383e+00  5.43722156e+00  5.48448633e+00  1.18077321e+00
  4.53233845e+00  1.27001463e+00  4.56808345e-01  6.92150909e-01
  3.57743026e+00  3.67164981e+00  1.90947816e+00  2.44944172e+00
  3.68755983e-01  2.15824163e+00  5.04043013e+00  1.33401895e+00
  4.79515764e+00  4.16671383e+00  5.03615525e+00  2.62698476e+00
  5.87976094e+00  1.07308962e+00 -4.75722924e-03  1.36931488e+00
  3.06427503e+00  3.01727583e+00  2.17577980e+00  3.40761022e+00]
epsilon = 1.3297885218445427
Function evaluations: 4520
Gradient evaluations: 92
Warning: 2 (see https://docs.scipy.org/doc/scipy/reference/generated/scipy.optimize.fmin_cg.html for details)

L = 7:
theta0 = [3.4554592  3.59650834 0.502065   6.24839963 2.25336364 3.1742184
 4.52551482 1.60257621 1.90321093 3.02318416 5.79385645 5.68692627
 2.19375941 6.07799363 5.6539992  2.31541191 1.68548287 2.82399283
 5.12813943 5.35182806 4.8445526  3.67349003 1.00612974 0.87255391
 6.20672791 3.46081812 0.79993592 5.47627806 4.3157516  5.23740866
 2.59355285 3.77481822 6.0379079  1.03887176 0.99284668 3.42919731
 2.592179   3.81178644 5.01154452 3.42676277 5.49705338 0.635559
 0.88610887 0.50972844 6.16098546 5.07926684 1.77915446 0.61407304
 1.40855864 3.53626639 0.20729127 3.16229009 5.39763295 3.37330759
 0.33262931 6.19475664]
theta_result = [3.12994309 3.76595204 0.94251959 6.79804413 1.92784751 3.34366212
 4.96596942 2.15222074 1.92481952 3.01179037 5.71402696 5.45723921
 2.21536803 6.06660011 5.5741697  2.08572486 1.28810756 3.03188962
 5.12859663 5.53832974 4.44717731 3.88138682 1.00658694 1.05905561
 6.17288637 3.58736346 0.9650222  5.56304573 4.2819101  5.363954
 2.75863912 3.86158587 6.10279016 1.0724076  1.13195619 3.30043172
 2.65706127 3.84532225 5.15065405 3.29799718 5.35163314 0.31217964
 0.60486158 0.68500889 6.01556522 4.75588751 1.4979072  0.78935347
 1.52870517 3.239021   0.07987067 2.99614104 5.51777949 3.07606219
 0.20520871 6.0286076 ]
epsilon = 0.8919124209083377
Function evaluations: 3772
Gradient evaluations: 66
Warning: 2 (see https://docs.scipy.org/doc/scipy/reference/generated/scipy.optimize.fmin_cg.html for details)

L = 8:
theta0 = [2.53157566 3.54768675 1.51416299 2.11750345 1.69870749 0.54859392
 0.60021575 1.0801407  4.18978001 0.00639906 1.29066464 0.40282225
 4.17899812 6.22159481 3.84128628 2.25631465 1.05497269 6.01247501
 3.13054098 2.91960289 1.96981754 1.56588882 1.6552517  5.28069024
 3.41559149 3.86965949 1.52704473 1.60633444 0.2622304  4.53775117
 2.05944296 4.9861419  5.20588143 2.70473023 0.3227246  0.95826497
 1.93775701 0.56717441 3.40951913 5.81176499 4.45195868 2.72292698
 5.34124601 1.06823201 3.73498513 2.16111436 2.51618759 5.22580874
 1.58583908 0.69337226 3.14650962 3.9240628  1.17235227 0.88019796
 1.26694489 3.46409622 6.15959627 0.64038869 5.96427765 2.17102651
 1.3987078  4.32455973 3.91644454 5.1146965 ]
theta_result = [ 3.32783053e+00  2.43162531e+00  1.48080165e+00  1.38824563e+00
  2.49496236e+00 -5.67467635e-01  5.66854424e-01  3.50882900e-01
  2.95637472e+00 -4.03605626e-02  2.01114787e+00  5.18458354e-01
  2.94559283e+00  6.17483521e+00  4.56176947e+00  2.37195077e+00
  5.60225863e-03  6.29204482e+00  4.32345190e+00  2.53185617e+00
  9.20447181e-01  1.84545863e+00  2.84816249e+00  4.89294347e+00
  4.44060859e+00  4.21846396e+00  4.20700613e-01  2.24008564e+00
  1.28724754e+00  4.88655568e+00  9.53098756e-01  5.61989311e+00
  3.96923107e+00  3.19940630e+00  6.14196644e-01  2.11002645e+00
  7.01106498e-01  1.06185043e+00  3.70099119e+00  6.96352658e+00
  4.95957472e+00  3.02927680e+00  6.94271987e+00  1.77843214e+00
  4.24260140e+00  2.46746436e+00  4.11766146e+00  5.93600882e+00
  1.91281007e+00  1.87937106e+00  2.57563987e+00  5.05464940e+00
  1.49932333e+00  2.06619691e+00  6.96075094e-01  4.59468277e+00
  6.19238477e+00  1.28260478e+00  5.79696296e+00  2.63278556e+00
  1.43149631e+00  4.96677581e+00  3.74912995e+00  5.57645558e+00]
epsilon = 0.8918706385319655
Function evaluations: 3185
Gradient evaluations: 49
Warning: 0 (see https://docs.scipy.org/doc/scipy/reference/generated/scipy.optimize.fmin_cg.html for details)

L = 9:
theta0 = [3.54768108 2.56930458 2.2021075  2.27721841 4.70626933 4.465245
 4.50170191 4.59694659 2.62585553 1.23994543 4.25291432 3.80123861
 4.97764863 0.34761118 0.02169001 1.04012551 2.44867987 3.19444666
 3.5789857  1.94200933 0.54753683 4.79197783 5.7942763  4.14975795
 3.41600247 5.08684507 5.33130497 2.740116   2.80337375 5.81916019
 2.43396127 5.53753863 2.49541754 5.11713043 0.5545005  3.83186278
 0.6021032  0.85258574 2.19732296 5.65318437 5.8093079  2.01401059
 3.28182107 1.56739072 5.89302444 1.28119425 3.86202856 3.21417051
 3.56862704 3.69430742 5.05820511 5.20628333 4.21047405 4.66581222
 0.59431609 5.44120835 0.96715405 4.96349991 3.29287405 2.81070444
 6.17237557 3.57483428 0.35903613 1.09299901 4.41093004 4.82779809
 2.61660643 3.95638672 0.80272856 4.16576172 3.88991569 1.4901563 ]
theta_result = [ 3.51429939  2.74430284  2.34801468  2.4714483   4.67288769  4.64024331
  4.64760906  4.79117644  2.36199256  1.57376064  3.70335183  3.8784057
  4.71378565  0.68142639 -0.52787251  1.11729259  2.10386017  3.16907324
  3.18049662  1.39251483  0.20271713  4.76660441  5.39578724  3.60026342
  3.77207403  4.79046526  5.18855455  2.50215384  3.15944531  5.52278044
  2.29121086  5.29957647  2.50260683  5.09795817  0.38166335  4.0474088
  0.60929248  0.83341357  2.02448581  5.86873037  6.01736937  1.53261118
  3.43389289  0.92912219  6.10108591  0.79979483  4.01410038  2.57590199
  3.44001241  4.23070041  5.24087138  5.01546708  4.08185941  5.20220519
  0.77698233  5.2503921   1.12564717  4.85176702  3.7731784   2.56638658
  6.33086875  3.46310138  0.83934051  0.84868113  4.18096294  4.5673916
  2.44347501  3.73190056  0.57276149  3.90535526  3.71678427  1.26567015]
epsilon = 0.9518671787450571
Function evaluations: 3877
Gradient evaluations: 53
Warning: 2 (see https://docs.scipy.org/doc/scipy/reference/generated/scipy.optimize.fmin_cg.html for details)

L = 10:
theta0 = [4.7158161  2.57207641 4.8218908  5.95996695 3.72899066 0.80911334
 3.12151799 2.99483953 5.14737025 1.2311218  3.05840093 0.26038108
 3.83750118 2.7192311  5.28950172 5.24352037 3.9573169  0.87256634
 6.12764119 1.08927666 1.7206308  2.16611044 6.11489638 4.55886395
 4.69783704 4.12125154 0.53142735 2.6199723  3.63888864 6.24259756
 3.85116301 1.15433362 4.10116564 0.52648464 4.43012645 1.184706
 5.46633991 4.23438057 2.87817081 5.09221987 0.68441666 1.84198112
 4.12046431 2.17368656 3.03958817 0.9918985  0.91610245 3.51725607
 4.28625903 2.56867965 4.17700612 4.42584269 2.27789071 2.69232214
 2.73877219 3.05885072 1.53764491 3.8288536  0.13292245 5.06375392
 4.8210943  2.99858096 0.5134214  2.6209065  3.47536328 5.9692685
 0.7878638  4.24611167 4.67109499 5.79088059 1.69056551 2.11528544
 3.07207251 5.42341302 4.39541443 0.34202402 2.62305478 2.433588
 5.84110473 5.0617363 ]
theta_result = [4.39907064 2.82102353 4.92397707 5.91073458 3.41224528 1.05806047
 3.22360428 2.94560719 5.24052728 1.22486272 3.06018287 0.23754968
 3.93065821 2.71297199 5.29128365 5.22068897 3.82749281 0.79097612
 6.3302491  1.04647315 1.59080674 2.08452022 6.31750429 4.51606036
 4.42132219 4.2661777  0.48483095 2.79294429 3.36237388 6.38752374
 3.80456661 1.32730566 4.40692814 0.76386542 4.29477495 1.37676283
 5.77210241 4.47176137 2.74281922 5.28427669 0.76492448 1.70827278
 3.96798592 2.1253258  3.12009599 0.85819008 0.76362408 3.46889522
 4.29719669 2.90065363 4.00303539 4.30361963 2.28882838 3.02429607
 2.56480147 2.93662765 1.42025884 3.59312497 0.27225612 5.03758576
 4.70370828 2.76285231 0.65275508 2.59473839 3.08008458 5.7203871
 0.40094753 4.34217486 4.27581633 5.54199914 1.30364927 2.21134864
 3.12002527 5.54383915 4.13710006 0.39462194 2.67100755 2.55401412
 5.58279038 5.11433421]
epsilon = 0.8918706385602965
Function evaluations: 2997
Gradient evaluations: 37
Warning: 0 (see https://docs.scipy.org/doc/scipy/reference/generated/scipy.optimize.fmin_cg.html for details)

