phi = Statevector([ 0.26734207+0.32169051j, -0.1555608 -0.14167238j,
             -0.24162529-0.13164153j, -0.12760457-0.32478038j,
             -0.0493998 +0.05106129j,  0.01081057-0.06258962j,
              0.0224463 -0.10989153j,  0.05964257-0.17294265j,
              0.10435281-0.41428102j,  0.06663255+0.14592605j,
              0.16184535-0.08393186j, -0.2838051 -0.00459327j,
             -0.04999198+0.10447128j,  0.17950017-0.19657011j,
              0.20830553+0.06353149j, -0.13705142-0.23585128j],
            dims=(2, 2, 2, 2))

L = 1:
theta0 = [4.08813714 3.26961216 1.51858757 5.37445766 0.15680014 1.14696498
 2.00279378 1.92523721]
theta_result = [11.88474385  5.11343784  6.56079861  6.79608599 -4.95496493  8.05437363
  0.13991344  1.43373223]
epsilon = 0.5470031549201698
Function evaluations: 486
Gradient evaluations: 54
Warning: 0 (see https://docs.scipy.org/doc/scipy/reference/generated/scipy.optimize.fmin_cg.html for details)

L = 2:
theta0 = [1.72134984 3.86196237 2.89758117 1.3546438  1.72892871 1.13683594
 2.99635132 4.78145502 3.12456654 1.73964413 5.53409489 0.49808716
 5.16560298 4.67387476 0.13644847 4.1428252 ]
theta_result = [ 3.29697573e+00  3.78045435e+00  3.74773503e+00  2.73760456e+00
  1.08153209e+00 -5.81589729e-02  2.63762028e+00  5.62311270e+00
  1.90229745e+00  1.18219890e+00  6.05400548e+00  1.48387722e-03
  2.48902006e+00  2.54223639e+00  7.39278653e-02  5.08380470e+00]
epsilon = 0.25153515776119567
Function evaluations: 4318
Gradient evaluations: 254
Warning: 0 (see https://docs.scipy.org/doc/scipy/reference/generated/scipy.optimize.fmin_cg.html for details)

L = 3:
theta0 = [0.96355521 1.52849455 6.02974872 2.36257824 0.98094876 4.66710875
 6.02038605 0.39732469 1.86599273 4.27982532 2.91960081 4.18256959
 2.40580843 3.89902514 5.6832912  5.11099277 4.26274537 1.0781665
 0.64791195 6.04549429 1.12777472 5.12324877 1.05962797 4.41438803]
theta_result = [-0.44337202 -0.32252869  5.85109567  2.1869349   2.07912201  4.34839145
  3.64123728 -0.43430472  1.09332139  3.30245514  2.28063558  5.67492428
  3.22603306  2.23724995  5.89342023  4.6706878   5.6117959   0.70136923
  0.36279313  5.50343192  1.49685829  2.64138653  0.26804831  3.78765972]
epsilon = 0.01609639867044566
Function evaluations: 14375
Gradient evaluations: 575
Warning: 0 (see https://docs.scipy.org/doc/scipy/reference/generated/scipy.optimize.fmin_cg.html for details)

L = 4:
theta0 = [5.99841457 1.40558102 3.53620489 6.04738921 6.18789134 3.3601689
 4.88149642 2.23660448 4.27692615 5.18582184 0.45973289 1.37101891
 3.52064566 1.79732545 0.71311741 0.17451838 3.71663036 2.42970409
 3.65238709 2.06278445 0.19709131 0.43342712 6.18369759 0.43504234
 3.80201451 3.04404278 5.15579221 4.04882269 3.63562675 5.44970851
 1.51393423 0.97546449]
theta_result = [ 6.4237467   1.67540271  3.69151136  5.90952454  6.67498724  3.16196784
  4.78700653  2.24272785  3.91565954  4.88470051  0.16569249  0.25941547
  3.31570295  1.88357558  0.2860987   0.84873943  5.4618863   3.2766349
  3.24500287  2.6232554   0.69320274 -0.33921025  5.34211456  1.16907919
  3.92903037  3.60371032  5.01475528  5.2223911   4.71584977  5.88373198
  1.89247641  1.15223341]
epsilon = 6.489707218638862e-08
Function evaluations: 24057
Gradient evaluations: 729
Warning: 0 (see https://docs.scipy.org/doc/scipy/reference/generated/scipy.optimize.fmin_cg.html for details)

L = 5:
theta0 = [4.77690687 1.06443813 5.09410663 3.13889098 4.9658564  6.14168235
 5.696411   3.2706635  0.08443277 5.04302661 4.29713158 1.16498269
 3.51698631 2.83970085 2.40223201 2.40225255 1.05708457 4.98679571
 1.65574726 2.00737556 3.39335921 2.51799782 2.50531028 2.35889394
 1.33679109 1.4606759  4.41930375 0.17715734 4.5200236  0.47749533
 0.40033542 1.41430685 2.69427712 6.11129706 5.46397897 3.69783393
 6.24197718 3.6561241  1.63801    5.04921425]
theta_result = [ 3.97755338  1.16374466  5.20481466  2.98703209  5.18872045  6.23049782
  5.1599357   2.86323195 -0.3975526   5.04633743  4.42264197  0.97581148
  3.92957908  3.50763771  2.83532591  2.01963669  1.62586042  4.25965411
  2.39760643  1.5250833   3.25362899  2.37540165  3.03419305  1.41206799
  0.69848075  0.03949338  4.04164537  0.34325968  3.81937229  1.50557542
  0.42611267  2.28710162  2.98575229  5.42860767  4.6303568   3.59947295
  6.15268992  3.21522942  1.26728967  4.36552469]
epsilon = 1.0420664856189743e-09
Function evaluations: 12382
Gradient evaluations: 302
Warning: 0 (see https://docs.scipy.org/doc/scipy/reference/generated/scipy.optimize.fmin_cg.html for details)

L = 6:
theta0 = [2.89165007 2.86452803 1.92515546 1.23145913 3.45093711 6.2263312
 6.24185046 4.75438877 1.73044716 0.26189196 1.99491404 4.64770132
 1.19577748 5.92588116 4.92982787 2.1614356  4.33962004 0.35689822
 1.61738412 0.75309951 3.49843416 4.59095577 1.50016811 2.80022233
 6.12944994 3.27868769 4.84661794 4.17720412 0.36397109 5.49236183
 4.58660252 2.66514215 5.32742898 3.49226217 2.11984801 1.11319047
 1.1002977  2.49570988 0.51471759 0.21567904 1.00631978 1.84109225
 3.82346808 5.61914401 2.02554274 4.00668412 4.5077722  4.36895714]
theta_result = [ 4.09953827  2.48994607  2.57288563  1.26850273  4.36049036  5.19686326
  5.85344858  4.62961831  1.3143212   0.28043536  2.12734463  4.76264808
  1.40713572  5.03381136  3.99170884  1.98482805  4.98643187  0.00874107
  1.69448351  1.23856378  3.81016925  4.80001065  1.41673663  2.41174477
  6.05819497  2.64094456  4.36455843  4.2809609   0.51306924  6.05903722
  4.47347904  2.48989409  5.35483011  3.00216457  2.32524156  1.17164206
  0.42026842  2.61025469  0.71427705 -0.435333    1.22536189  2.08469897
  3.69528306  6.35793492  2.17774762  4.08794074  4.12215128  4.70367879]
epsilon = 3.6363189596377487e-09
Function evaluations: 10094
Gradient evaluations: 206
Warning: 0 (see https://docs.scipy.org/doc/scipy/reference/generated/scipy.optimize.fmin_cg.html for details)

L = 7:
theta0 = [4.15761176 1.88093929 2.6994196  3.40021394 5.95624365 0.19766636
 3.54894283 4.15636072 0.72763011 4.02662195 1.51108173 0.02426871
 4.3310183  0.34832978 3.97890401 0.35274101 4.12392869 5.96382437
 0.64924092 2.14539398 3.75580655 5.02935361 1.53086994 2.35912341
 5.8688553  2.7138931  4.33777201 0.10653308 5.34598703 1.19400041
 2.14619545 3.95049596 6.1143329  1.36726991 4.29839342 2.75335453
 5.05929066 4.18536952 1.00294863 0.64939745 3.84963101 3.66604184
 3.4645967  5.56000735 3.62867442 0.09866948 0.11708077 3.65798302
 3.30612689 4.21452335 3.83692489 6.13585516 3.80095948 3.27905744
 3.92417794 1.91558255]
theta_result = [ 4.84757251  2.12363465  2.50006791  2.81024223  5.8853441   0.52129038
  3.53416719  4.27728523  0.67272617  3.40318245  1.91945524 -0.20237337
  3.86335915  0.65992887  4.56505362  0.38002225  3.01299035  5.55355048
  1.0382576   2.14872084  4.30689344  4.98146642  1.68604835  2.70351835
  6.0833532   3.11499685  4.36968142  1.34241597  6.43157571  1.48006014
  1.6351006   4.49605911  5.61764977  0.93196286  5.14375024  2.51969106
  5.55845916  4.06799433  1.20505835  1.07568047  3.64640289  3.37655303
  2.99197299  5.90976388  3.78144061  0.30465912  0.61225962  2.91138326
  2.96874996  4.8092383   4.05451836  5.63152206  3.96097063  2.78519015
  4.28662449  1.74209857]
epsilon = 4.078608299403101e-09
Function evaluations: 13794
Gradient evaluations: 242
Warning: 0 (see https://docs.scipy.org/doc/scipy/reference/generated/scipy.optimize.fmin_cg.html for details)

L = 8:
theta0 = [5.92587875 1.83206726 4.9565854  1.9802206  1.88219584 2.91419416
 0.41704752 3.90365971 3.99631482 6.20775796 3.51634235 0.43047873
 3.07670808 0.29810795 1.79645821 1.14203196 0.32016244 5.494324
 2.32717589 0.10844798 3.10534114 5.41942831 1.24227313 2.50776893
 3.14557617 5.4816226  6.00933757 2.88661265 0.81821826 3.5761864
 5.60403058 3.93100474 0.54614678 2.40392955 5.05584811 0.79981424
 4.3996992  0.20288914 3.87634017 0.18112324 1.26890936 3.72246485
 4.39640699 5.00079451 5.17559285 0.30965187 4.0144119  2.48219298
 2.45229387 1.10108072 3.87031614 4.86672963 1.81732808 4.40028828
 5.7313996  3.43586182 5.1500948  2.06076108 3.91937473 1.26284368
 4.87991557 5.82146194 0.85239307 4.09506268]
theta_result = [ 6.38199123  1.67019567  4.78565314  1.84542547  1.74144483  2.98369213
  0.33458325  3.50279525  4.19541859  6.00719986  3.53519073  0.84946317
  2.81505143 -0.53927455  2.1610255   0.56561827  0.35149794  5.40839269
  2.12168618  0.80277239  3.0489819   5.26433032  1.27814988  2.53932502
  2.99315281  5.52320936  5.664412    2.44248107  0.73648106  3.93599172
  6.11984926  3.18337088  0.37305218  2.27363488  4.97689708  0.01572658
  4.5133893   0.08002828  3.82541016  0.9410741   1.70756374  3.55159654
  3.88144824  4.50005025  5.22455968  0.27062399  4.05152514  3.16147511
  2.4227558   1.12823228  3.98930885  4.68674737  1.94539786  4.89354754
  5.50927507  3.30322295  4.84088346  1.80378985  3.33016538  1.62690646
  4.76609169  6.20931173  1.09536449  4.05632211]
epsilon = 1.6095000885850443e-09
Function evaluations: 7800
Gradient evaluations: 120
Warning: 0 (see https://docs.scipy.org/doc/scipy/reference/generated/scipy.optimize.fmin_cg.html for details)

L = 9:
theta0 = [2.13111398 3.60794241 1.03586162 4.50263484 1.45041761 3.29836613
 0.35440836 3.60120211 6.25827595 0.09365456 2.06349673 0.41164534
 0.71384804 4.97966054 2.38105033 2.73394094 1.91130457 5.69462241
 4.81603241 1.10665749 0.85626657 6.10714681 1.93610773 4.94088178
 1.63034339 0.15144674 1.66060664 1.32826377 2.91681698 3.75986619
 0.26968008 1.60245539 3.57469136 1.16136083 1.96969798 4.24629898
 1.72748759 1.23407103 0.59960742 0.04981953 5.90542959 4.04267094
 2.77538605 4.87746936 4.94636982 2.1245288  2.73366697 3.39468987
 5.83556827 5.47847746 2.27809946 4.15948492 0.42597233 0.5206086
 1.25086256 4.57559671 2.82583    1.69451803 2.61698427 3.23860219
 6.06056578 3.14517718 3.98654263 3.85419759 5.93421717 1.1557877
 0.76005741 1.56079507 5.56484386 3.65220453 3.31792876 5.60989713]
theta_result = [ 2.47205398e+00  3.45094148e+00  9.82385456e-01  4.43561607e+00
  1.13138861e+00  3.20302633e+00 -2.36388724e-02  3.57658769e+00
  6.03962141e+00  1.37784131e-03  1.77503966e+00  5.30604394e-01
  4.07329699e-01  4.94440830e+00  2.64003586e+00  2.79441964e+00
  1.91785699e+00  5.75558357e+00  4.43323831e+00  1.80317545e+00
  9.86128798e-01  5.88652558e+00  1.65030285e+00  5.09830499e+00
  1.72700631e+00  1.68186949e-01  1.48584818e+00  1.42809057e+00
  2.94306602e+00  3.48314782e+00 -8.96584104e-02  1.04852006e+00
  4.08599124e+00  8.88321473e-01  2.37167528e+00  4.16415971e+00
  1.68053609e+00  1.41051475e+00  3.85464862e-01 -3.46383979e-02
  5.59877099e+00  4.27890895e+00  2.79520577e+00  4.84320980e+00
  4.91212506e+00  1.88951644e+00  2.55733340e+00  3.21202518e+00
  5.44198064e+00  5.33664324e+00  2.27027139e+00  4.45274798e+00
  6.74766599e-01  6.24925050e-01  1.25812740e+00  4.03549768e+00
  2.93923107e+00  1.47092393e+00  2.78958965e+00  2.83108056e+00
  6.25513160e+00  2.86272260e+00  3.59054071e+00  3.76384438e+00
  6.33684590e+00  1.28772472e+00  1.09838614e+00  1.37410890e+00
  5.13005122e+00  3.26487684e+00  3.29424420e+00  5.96144786e+00]
epsilon = 4.371572416796721e-10
Function evaluations: 9125
Gradient evaluations: 125
Warning: 0 (see https://docs.scipy.org/doc/scipy/reference/generated/scipy.optimize.fmin_cg.html for details)

L = 10:
theta0 = [0.63158197 5.23442234 4.42715241 2.68627524 1.4047214  3.20150827
 6.05070457 2.48639315 2.3612665  4.13995732 1.96966724 4.35623861
 4.83814686 1.77394893 4.32478996 5.77957852 3.37179946 3.96726447
 0.49482271 1.39091738 6.05503874 6.20530843 4.86562134 0.36833389
 2.98609425 1.04418297 5.56836844 0.15898634 3.60763095 3.09486377
 2.62392211 0.98996399 3.04356594 0.09090574 4.06970622 5.57101747
 3.69806981 0.14162504 3.9894706  6.22683505 1.36156548 5.93684798
 5.52843621 2.45092061 6.00293888 0.78347084 1.2303806  4.98083915
 3.21388439 2.12190116 0.18376263 4.24558336 1.82395376 0.93401573
 4.40871759 4.35124817 1.54049293 0.57567587 4.2110509  3.64735105
 5.92344153 1.60488616 1.19148312 4.70491148 2.90523537 3.63463485
 5.10838855 2.11166446 4.87610097 5.10081129 0.51876644 1.03963027
 0.31714089 0.7547404  1.56225276 1.55119232 6.17447144 5.41926858
 0.12225329 1.35399154]
theta_result = [ 0.89844452  5.19853074  4.43086483  2.7347487   1.17981218  3.07736793
  6.08303301  2.4193106   2.58229041  4.33514745  2.1103239   4.9935247
  5.27798917  1.49187775  4.30820911  5.76331371  4.0796271   3.83873416
  0.56899198  1.51099571  6.35166831  5.86170363  4.88845398 -0.23843333
  3.29206045  0.97388275  5.97647752  0.25826872  4.03180361  2.98265391
  2.96353828  0.73367807  3.05962974  0.38950359  4.49424517  5.3945347
  3.87509177  0.19664044  3.93122366  6.4151148   1.43046089  6.44402472
  5.02653701  2.26248031  5.94742068  0.75647773  1.05728117  4.73301198
  3.55058291  2.19461477  0.79729486  4.54323663  1.9706827   0.84837931
  4.58185892  4.09254403  1.80580503  0.70165333  4.03165874  3.51479559
  6.15798869  1.39576676  1.1645389   4.94421451  2.91354303  3.72819374
  4.90847249  2.43339515  5.17263113  4.8748984   0.37623844  1.319324
 -0.08164094  1.02540164  2.09387881  1.93394106  6.5576156   5.37440398
 -0.04504207  1.66159498]
epsilon = 2.6059319786118774e-10
Function evaluations: 8910
Gradient evaluations: 110
Warning: 0 (see https://docs.scipy.org/doc/scipy/reference/generated/scipy.optimize.fmin_cg.html for details)

