phi = Statevector([ 0.19147939+0.16880868j, -0.23848486-0.18692296j,
             -0.05302868+0.02862666j,  0.09250527-0.34277063j,
             -0.13874973+0.12116509j, -0.11985604+0.23875769j,
              0.19225433-0.06893098j, -0.34315776-0.38872139j,
              0.10409077-0.03477076j, -0.11264149+0.09473612j,
             -0.04896506-0.06324596j, -0.21420945-0.09231741j,
             -0.31404469+0.11295947j, -0.15363123-0.04794901j,
              0.11791039+0.20754431j,  0.08404771-0.04032125j],
            dims=(2, 2, 2, 2))

L = 1:
theta0 = [3.66985935 4.20192207 0.4896706  0.63229195 2.30451247 1.90679071
 1.4646012  4.53921229]
theta_result = [3.66985935 4.20192207 0.4896706  0.63229195 2.30451247 1.90679071
 1.4646012  4.53921229]
epsilon = 1.617041222654988
Function evaluations: 9
Gradient evaluations: 1
Warning: 0 (see https://docs.scipy.org/doc/scipy/reference/generated/scipy.optimize.fmin_cg.html for details)

L = 2:
theta0 = [6.17062707 2.70656552 3.01003417 2.25253686 1.01577405 2.15194599
 2.26650543 1.1109776  1.53588755 2.64112631 5.96681575 2.26900994
 3.93496915 1.61619994 0.80070426 0.76017177]
theta_result = [6.17062707 2.70656552 3.01003417 2.25253686 1.01577405 2.15194599
 2.26650543 1.1109776  1.53588755 2.64112631 5.96681575 2.26900994
 3.93496915 1.61619994 0.80070426 0.76017177]
epsilon = 1.617041222654988
Function evaluations: 17
Gradient evaluations: 1
Warning: 0 (see https://docs.scipy.org/doc/scipy/reference/generated/scipy.optimize.fmin_cg.html for details)

L = 3:
theta0 = [4.78480966 6.10522943 2.49601465 3.37808858 1.03134373 5.38228434
 0.29161712 5.92553624 2.3181374  2.39164785 2.66406994 2.7169954
 4.2432861  2.51989014 4.07751357 0.39542583 0.68532497 1.48357262
 2.60610552 2.50603767 0.47672976 4.26130342 1.32259698 0.70491697]
theta_result = [4.78480966 6.10522943 2.49601465 3.37808858 1.03134373 5.38228434
 0.29161712 5.92553624 2.3181374  2.39164785 2.66406994 2.7169954
 4.2432861  2.51989014 4.07751357 0.39542583 0.68532497 1.48357262
 2.60610552 2.50603767 0.47672976 4.26130342 1.32259698 0.70491697]
epsilon = 1.617041222654988
Function evaluations: 25
Gradient evaluations: 1
Warning: 0 (see https://docs.scipy.org/doc/scipy/reference/generated/scipy.optimize.fmin_cg.html for details)

L = 4:
theta0 = [1.25630252 1.44353554 1.33264282 2.06345914 0.33285961 1.7765174
 5.66144352 0.31981755 3.25379333 5.7405342  2.48271419 4.63068171
 6.08274559 1.61841466 3.34887473 5.1440501  0.07177867 6.15329544
 1.4499614  6.00141087 3.6591267  4.43674958 5.12161448 2.00202898
 3.25792132 0.94637965 0.44229637 2.40710434 4.55749776 4.77035867
 3.80643005 3.47688514]
theta_result = [1.25630252 1.44353554 1.33264282 2.06345914 0.33285961 1.7765174
 5.66144352 0.31981755 3.25379333 5.7405342  2.48271419 4.63068171
 6.08274559 1.61841466 3.34887473 5.1440501  0.07177867 6.15329544
 1.4499614  6.00141087 3.6591267  4.43674958 5.12161448 2.00202898
 3.25792132 0.94637965 0.44229637 2.40710434 4.55749776 4.77035867
 3.80643005 3.47688514]
epsilon = 1.617041222654988
Function evaluations: 33
Gradient evaluations: 1
Warning: 0 (see https://docs.scipy.org/doc/scipy/reference/generated/scipy.optimize.fmin_cg.html for details)

L = 5:
theta0 = [5.53993969 2.35127686 3.5433076  3.08399666 1.0285359  0.65226482
 5.98974225 6.06589721 0.84403068 5.96114362 4.17473666 6.14847111
 4.33319445 5.97173577 0.42852843 0.50680708 2.69738121 5.50305487
 1.01074761 1.76441643 4.01699879 1.20627745 3.34017668 3.76357894
 1.08638006 3.07054669 2.81640292 1.99495982 4.11497478 0.97075426
 5.83084408 5.95539886 5.03919834 2.93693102 2.65244861 4.42619603
 2.9551508  3.75704254 4.12200383 2.56309381]
theta_result = [5.53993969 2.35127686 3.5433076  3.08399666 1.0285359  0.65226482
 5.98974225 6.06589721 0.84403068 5.96114362 4.17473666 6.14847111
 4.33319445 5.97173577 0.42852843 0.50680708 2.69738121 5.50305487
 1.01074761 1.76441643 4.01699879 1.20627745 3.34017668 3.76357894
 1.08638006 3.07054669 2.81640292 1.99495982 4.11497478 0.97075426
 5.83084408 5.95539886 5.03919834 2.93693102 2.65244861 4.42619603
 2.9551508  3.75704254 4.12200383 2.56309381]
epsilon = 1.617041222654988
Function evaluations: 41
Gradient evaluations: 1
Warning: 0 (see https://docs.scipy.org/doc/scipy/reference/generated/scipy.optimize.fmin_cg.html for details)

L = 6:
theta0 = [3.34850972 1.65687732 2.93867201 3.21625216 5.11027554 4.97149793
 0.91903869 0.02415949 2.31012266 1.27262639 1.24068507 5.10077131
 3.90837179 5.13135082 0.04769755 3.51345523 3.46417598 0.84089642
 2.98528107 5.9243993  0.91815051 0.67133272 1.50433932 1.65869406
 1.34184579 1.73722314 4.78686886 4.83291649 0.96742034 6.21060375
 3.03415818 5.52909239 2.8398731  2.55552575 5.17880156 2.99365307
 5.97367393 1.11785921 5.57800516 4.82030287 0.32087448 1.15030831
 2.17961342 6.01149183 2.80783861 4.69906938 4.9488099  1.70163785]
theta_result = [3.34850972 1.65687732 2.93867201 3.21625216 5.11027554 4.97149793
 0.91903869 0.02415949 2.31012266 1.27262639 1.24068507 5.10077131
 3.90837179 5.13135082 0.04769755 3.51345523 3.46417598 0.84089642
 2.98528107 5.9243993  0.91815051 0.67133272 1.50433932 1.65869406
 1.34184579 1.73722314 4.78686886 4.83291649 0.96742034 6.21060375
 3.03415818 5.52909239 2.8398731  2.55552575 5.17880156 2.99365307
 5.97367393 1.11785921 5.57800516 4.82030287 0.32087448 1.15030831
 2.17961342 6.01149183 2.80783861 4.69906938 4.9488099  1.70163785]
epsilon = 1.617041222654988
Function evaluations: 49
Gradient evaluations: 1
Warning: 0 (see https://docs.scipy.org/doc/scipy/reference/generated/scipy.optimize.fmin_cg.html for details)

L = 7:
theta0 = [0.89814063 5.22500743 2.55585696 5.5237214  0.09488447 0.45503306
 5.08989772 2.34482113 2.16999703 5.65496244 2.09639699 5.96262138
 1.67721883 0.98743703 4.03119132 0.62002765 2.39322693 4.33869921
 5.87417483 0.56550415 5.10366538 1.04554135 2.29922594 6.19777522
 5.13166375 1.06939589 3.68516229 0.51171889 4.3023992  4.03107955
 1.03632897 3.99820303 6.04741756 3.6249132  5.68052009 4.18072604
 1.06851564 0.58853895 0.53782077 2.18824683 2.8040058  6.16947062
 1.04257685 5.75749379 5.93039299 4.93425514 1.05850555 0.81379581
 6.00440886 6.01234517 5.23502185 1.30660941 5.0192712  3.03784862
 0.56964663 1.27158876]
theta_result = [0.89814063 5.22500743 2.55585696 5.5237214  0.09488447 0.45503306
 5.08989772 2.34482113 2.16999703 5.65496244 2.09639699 5.96262138
 1.67721883 0.98743703 4.03119132 0.62002765 2.39322693 4.33869921
 5.87417483 0.56550415 5.10366538 1.04554135 2.29922594 6.19777522
 5.13166375 1.06939589 3.68516229 0.51171889 4.3023992  4.03107955
 1.03632897 3.99820303 6.04741756 3.6249132  5.68052009 4.18072604
 1.06851564 0.58853895 0.53782077 2.18824683 2.8040058  6.16947062
 1.04257685 5.75749379 5.93039299 4.93425514 1.05850555 0.81379581
 6.00440886 6.01234517 5.23502185 1.30660941 5.0192712  3.03784862
 0.56964663 1.27158876]
epsilon = 1.617041222654988
Function evaluations: 57
Gradient evaluations: 1
Warning: 0 (see https://docs.scipy.org/doc/scipy/reference/generated/scipy.optimize.fmin_cg.html for details)

L = 8:
theta0 = [1.63677331 3.29843076 0.57597517 3.61736274 2.79698155 3.89982727
 5.3446257  4.00326869 4.82808533 2.90294286 0.97257718 4.40681975
 1.480446   4.25173011 3.63804888 0.15611611 1.18191739 2.96447578
 1.18356592 5.93811136 2.96241417 3.15929902 1.59927834 4.41049217
 2.5493449  1.2314408  1.67851204 0.56270471 1.38976134 0.77568074
 4.89266069 4.43299322 0.08565567 0.8290266  2.86298774 5.21870898
 2.59005094 1.96393296 1.68370269 3.70103813 3.80521566 5.29053382
 1.57273621 4.79308933 5.60085467 4.98227879 4.53209405 1.4864961
 1.51082636 5.89012982 0.57577002 3.15051201 5.5833634  6.15860122
 0.57556091 2.47801276 2.16453187 6.19227644 0.31381859 1.40933728
 5.37543564 5.16461684 2.21758459 5.28483516]
theta_result = [1.63677331 3.29843076 0.57597517 3.61736274 2.79698155 3.89982727
 5.3446257  4.00326869 4.82808533 2.90294286 0.97257718 4.40681975
 1.480446   4.25173011 3.63804888 0.15611611 1.18191739 2.96447578
 1.18356592 5.93811136 2.96241417 3.15929902 1.59927834 4.41049217
 2.5493449  1.2314408  1.67851204 0.56270471 1.38976134 0.77568074
 4.89266069 4.43299322 0.08565567 0.8290266  2.86298774 5.21870898
 2.59005094 1.96393296 1.68370269 3.70103813 3.80521566 5.29053382
 1.57273621 4.79308933 5.60085467 4.98227879 4.53209405 1.4864961
 1.51082636 5.89012982 0.57577002 3.15051201 5.5833634  6.15860122
 0.57556091 2.47801276 2.16453187 6.19227644 0.31381859 1.40933728
 5.37543564 5.16461684 2.21758459 5.28483516]
epsilon = 1.617041222654988
Function evaluations: 65
Gradient evaluations: 1
Warning: 0 (see https://docs.scipy.org/doc/scipy/reference/generated/scipy.optimize.fmin_cg.html for details)

L = 9:
theta0 = [0.79536035 5.70788465 4.43457141 0.3752626  3.07517443 4.07062939
 3.37096282 1.34316654 3.85355974 2.80596709 3.79544792 5.95949509
 6.13104482 0.14953074 3.94321838 3.30641602 1.19137218 6.13086244
 5.07146092 2.14571845 0.62614439 0.97874455 0.91347699 1.79839917
 1.73966546 1.52700305 2.14810474 0.53102459 3.14616255 0.3355196
 3.00560226 6.09654418 5.01194625 5.45220169 4.64127053 2.45751556
 2.32162044 4.19150338 5.8418022  5.53645591 1.1277975  1.30710253
 3.40598325 3.15457019 6.07880989 0.54495871 1.00004639 2.22012681
 2.99903249 0.27778565 1.482105   5.97813628 3.36260765 1.52209516
 4.29792155 1.48606123 6.19008157 4.51148463 4.4967421  5.87109955
 6.0188151  2.08576133 5.42602472 3.98918851 1.88354347 1.31912803
 4.66722635 1.04409114 6.00090205 3.26316145 3.38791528 3.89905884]
theta_result = [0.79536035 5.70788465 4.43457141 0.3752626  3.07517443 4.07062939
 3.37096282 1.34316654 3.85355974 2.80596709 3.79544792 5.95949509
 6.13104482 0.14953074 3.94321838 3.30641602 1.19137218 6.13086244
 5.07146092 2.14571845 0.62614439 0.97874455 0.91347699 1.79839917
 1.73966546 1.52700305 2.14810474 0.53102459 3.14616255 0.3355196
 3.00560226 6.09654418 5.01194625 5.45220169 4.64127053 2.45751556
 2.32162044 4.19150338 5.8418022  5.53645591 1.1277975  1.30710253
 3.40598325 3.15457019 6.07880989 0.54495871 1.00004639 2.22012681
 2.99903249 0.27778565 1.482105   5.97813628 3.36260765 1.52209516
 4.29792155 1.48606123 6.19008157 4.51148463 4.4967421  5.87109955
 6.0188151  2.08576133 5.42602472 3.98918851 1.88354347 1.31912803
 4.66722635 1.04409114 6.00090205 3.26316145 3.38791528 3.89905884]
epsilon = 1.617041222654988
Function evaluations: 73
Gradient evaluations: 1
Warning: 0 (see https://docs.scipy.org/doc/scipy/reference/generated/scipy.optimize.fmin_cg.html for details)

L = 10:
theta0 = [5.7618539  3.63800834 1.3335022  5.19895441 0.55617657 2.55288062
 5.73882584 3.11169646 0.47849322 0.88211646 2.9032348  5.16429296
 5.13945294 4.45376504 2.70421174 2.93023963 3.00062802 1.71680774
 2.95379209 0.62540393 2.92224852 3.14048836 2.68705109 3.83196174
 4.59305317 1.04196039 2.86106235 0.68902954 0.20088194 0.75263329
 5.16976871 1.68632478 0.62800212 3.25487119 4.86234908 2.81659531
 5.37903651 4.40098738 5.94912244 3.07656678 5.36188062 5.43978885
 1.6894423  2.09201455 2.9801909  5.73861072 4.19252934 5.66637716
 0.28628213 2.27790802 4.72301139 1.11311389 2.5246645  4.30886191
 6.00378806 2.67283893 5.76081318 2.2110933  6.17751945 1.02286305
 5.58561632 2.93732817 3.80011824 2.2033286  2.59643507 3.85965742
 4.62155152 1.8471421  1.62592545 2.21909503 2.87089691 5.81111156
 5.30427506 3.99221769 2.73418082 5.21525426 0.58115858 6.25597879
 4.31487523 1.02503087]
theta_result = [5.7618539  3.63800834 1.3335022  5.19895441 0.55617657 2.55288062
 5.73882584 3.11169646 0.47849322 0.88211646 2.9032348  5.16429296
 5.13945294 4.45376504 2.70421174 2.93023963 3.00062802 1.71680774
 2.95379209 0.62540393 2.92224852 3.14048836 2.68705109 3.83196174
 4.59305317 1.04196039 2.86106235 0.68902954 0.20088194 0.75263329
 5.16976871 1.68632478 0.62800212 3.25487119 4.86234908 2.81659531
 5.37903651 4.40098738 5.94912244 3.07656678 5.36188062 5.43978885
 1.6894423  2.09201455 2.9801909  5.73861072 4.19252934 5.66637716
 0.28628213 2.27790802 4.72301139 1.11311389 2.5246645  4.30886191
 6.00378806 2.67283893 5.76081318 2.2110933  6.17751945 1.02286305
 5.58561632 2.93732817 3.80011824 2.2033286  2.59643507 3.85965742
 4.62155152 1.8471421  1.62592545 2.21909503 2.87089691 5.81111156
 5.30427506 3.99221769 2.73418082 5.21525426 0.58115858 6.25597879
 4.31487523 1.02503087]
epsilon = 1.617041222654988
Function evaluations: 81
Gradient evaluations: 1
Warning: 0 (see https://docs.scipy.org/doc/scipy/reference/generated/scipy.optimize.fmin_cg.html for details)

