phi = Statevector([-0.15987604-0.10156492j,  0.07547384+0.14163897j,
              0.06558639+0.09794772j,  0.39763234+0.21538962j,
             -0.08341517-0.07370742j, -0.0128028 -0.22459638j,
              0.14723526+0.07403757j, -0.17103898-0.20843386j,
              0.04287374+0.15574177j,  0.0552666 +0.08884987j,
             -0.24324412+0.33711674j, -0.17458493+0.01415917j,
             -0.02803309-0.27346202j, -0.13432259-0.20863519j,
             -0.12872362-0.13225859j, -0.08308675-0.37211226j],
            dims=(2, 2, 2, 2))

L = 1:
theta0 = [5.36629846 5.46316464 4.19834115 0.76920074 5.5547248  1.31096654
 4.75745128 4.19844413]
theta_result = [5.36629846 5.46316464 4.19834115 0.76920074 5.29154413 2.36040253
 5.73579266 7.79548813]
epsilon = 1.2114134299593053
Function evaluations: 468
Gradient evaluations: 52
Warning: 0 (see https://docs.scipy.org/doc/scipy/reference/generated/scipy.optimize.fmin_cg.html for details)

L = 2:
theta0 = [0.01894442 0.8583977  6.1603599  1.16303327 1.68084079 4.26319703
 1.952629   4.73624474 5.73309216 3.38062977 2.52998899 0.10998887
 4.58987475 3.636019   0.0109506  3.49221704]
theta_result = [ 0.01894442  0.8583977   6.1603599   1.16303327  2.31294981  5.25950898
 -1.57316917  4.73944052  4.31728335  4.7090887   4.5149844   1.86971666
  5.49137617  2.68469278 -0.54268074  0.51165799]
epsilon = 0.3889005453704791
Function evaluations: 1360
Gradient evaluations: 80
Warning: 0 (see https://docs.scipy.org/doc/scipy/reference/generated/scipy.optimize.fmin_cg.html for details)

L = 3:
theta0 = [5.26281767 6.00221189 3.22594114 4.74871955 6.05638276 0.25847533
 0.81044115 1.01466596 5.51428818 2.32831773 1.26964072 5.5500255
 2.25210018 0.68076778 0.82907931 3.35045482 0.48958786 1.47418026
 5.45129156 4.60028226 5.22975291 0.58148647 4.00918547 4.01980231]
theta_result = [5.26281767 6.00221189 3.22594114 4.74871955 7.53673892 0.91541549
 2.16045784 1.26683827 3.86554994 1.83270718 1.90231356 5.26451179
 0.56169361 1.5847202  1.16547983 2.15311737 0.97769808 2.07903996
 3.3469542  5.23417856 3.45976935 1.4955911  3.66691745 5.34273654]
epsilon = 0.0890859681822981
Function evaluations: 4100
Gradient evaluations: 164
Warning: 0 (see https://docs.scipy.org/doc/scipy/reference/generated/scipy.optimize.fmin_cg.html for details)

L = 4:
theta0 = [2.80851296 1.04151915 1.02548765 1.91959144 2.44741558 5.98052831
 3.83690177 0.95480485 5.20242914 5.50669356 3.61399762 0.69543563
 0.34582872 1.50663665 3.74357642 0.7522722  0.47063651 3.01646185
 1.12792941 3.18691447 3.87317359 0.48718594 0.32164728 3.60225893
 5.92732881 3.2294965  2.59030162 0.29308163 5.91985226 1.98469818
 3.23427846 3.33984333]
theta_result = [ 2.80851296  1.04151915  1.02548765  1.91959144  0.86691152  7.14520691
  4.7141786   0.87662899  5.57802042  5.01253791  3.80813904  2.11217284
  1.76969152  0.55449681  2.85672691  1.09027864  0.35406064  3.21996814
 -0.15796822  1.71373627  4.00757245  0.73125955  0.21077978  1.72034897
  5.21040116  2.46395631  2.50900338 -0.71017905  6.81544651  2.44797241
  2.45483498  3.25515172]
epsilon = 0.0018080781178560176
Function evaluations: 18216
Gradient evaluations: 552
Warning: 0 (see https://docs.scipy.org/doc/scipy/reference/generated/scipy.optimize.fmin_cg.html for details)

L = 5:
theta0 = [2.77605697 3.42277419 5.61705025 0.76469641 3.76254523 1.28095074
 5.71462375 3.91037517 0.11629697 0.13702997 4.24941969 5.19282776
 1.25722179 1.4323041  0.80091629 1.34460907 2.08059586 1.78527923
 1.08335882 5.01393433 0.31065419 1.59730955 0.64893877 2.65198579
 1.10730874 4.50110568 0.39422967 3.87623878 3.80121032 5.22744385
 3.69985084 5.92117288 0.17382175 4.19829216 5.81432797 0.02252188
 1.28280686 4.54468061 1.61558616 1.07072568]
theta_result = [ 2.77605697  3.42277419  5.61705025  0.76469641  4.92148571  0.69418917
  5.51787016  3.58170864 -0.13321722  1.04988134  4.25931686  5.88706189
  2.35183191  1.75114308  1.65638838  2.04986649  2.21975085  0.75717343
  0.447646    5.26419434  0.67887117  2.3384525  -0.24044964  2.21832955
  2.02206247  3.84215652  0.93808051  4.24534911  4.17236117  4.82233694
  3.1519852   5.92984421 -0.47788989  4.20266826  5.17640423  0.08878011
  1.9671045   4.77450735  1.99489039 -0.43951019]
epsilon = 4.788220567484077e-09
Function evaluations: 12997
Gradient evaluations: 317
Warning: 0 (see https://docs.scipy.org/doc/scipy/reference/generated/scipy.optimize.fmin_cg.html for details)

L = 6:
theta0 = [5.33454621 0.03921112 1.09496868 4.8420553  0.22156157 1.9444857
 3.96683355 2.28493281 3.23775287 4.18342959 4.29982946 3.14130051
 0.6567353  0.1597885  2.41598351 1.8433871  2.05283233 1.34538957
 5.79680715 1.97379141 2.52175976 1.4983236  3.85363219 1.6560531
 5.53341799 4.47902202 3.36520452 1.00827073 3.11281175 3.88198826
 4.31601733 3.93304348 0.08611026 3.01390094 2.15686378 2.40909444
 3.84412268 2.08298    5.78550633 1.30287819 0.42758428 0.79387284
 3.391039   4.45521694 4.35986949 5.23730396 3.7789539  4.94195916]
theta_result = [ 5.33454621  0.03921112  1.09496868  4.8420553   0.30826169  1.98256499
  4.11833874  1.55678655  3.21670364  4.61863828  3.91267236  3.22835401
  0.96085238  0.01117136  1.99120234  1.77811166  2.67449877  1.712801
  5.91370693  2.02273167  2.83996849  1.31514095  3.46841805  1.64111064
  5.65798546  5.17426124  3.67861612  1.71907655  2.48638167  3.68851924
  4.9044507   3.64356529 -0.0819687   2.11485585  2.26592916  1.73856142
  4.57973618  2.22989247  5.85636504  1.24493723  0.95052917  1.18348238
  3.52924801  4.43867019  3.54669723  5.03551516  4.33871963  5.06357256]
epsilon = 1.9730194263271498e-09
Function evaluations: 9163
Gradient evaluations: 187
Warning: 0 (see https://docs.scipy.org/doc/scipy/reference/generated/scipy.optimize.fmin_cg.html for details)

L = 7:
theta0 = [4.92495671 2.96720384 0.40889467 3.49730371 4.39440417 0.8165904
 4.88231747 5.17260484 4.42301478 3.43443998 2.00443763 2.58409022
 5.13790547 1.81471554 1.32070713 0.56299558 5.48258963 0.61027103
 3.55838758 2.08356128 0.88990951 0.25505259 2.55263532 2.826488
 1.9731307  4.70312992 4.82011175 4.54408807 2.34302458 4.30803481
 0.83065026 5.57539877 5.76692401 1.14065903 1.56745013 0.95779102
 4.17679132 6.09670098 5.14050994 3.50314804 3.00843832 3.5515362
 0.74380964 1.69610033 4.93354429 3.31038411 2.64680237 2.48548921
 2.93997777 1.15654073 3.51399742 0.21556655 0.45504098 4.40326414
 1.08518884 1.93603402]
theta_result = [ 4.92495671  2.96720384  0.40889467  3.49730371  4.02247157  0.95660886
  4.60146613  4.53767512  4.19799245  3.8063363   2.38812102  1.93287919
  5.36388865  1.85575356  1.41456024 -0.0454057   5.60519274  0.34336115
  3.92905712  1.50649388  1.12552415  0.59652991  2.76014799  2.8840448
  1.9476886   4.4019141   4.46048649  4.78046808  2.16332661  3.7993827
  1.29404188  5.4914883   5.47895688  1.00884131  1.25570127  0.80073406
  4.40328679  6.2544644   5.02629999  3.96412665  2.62563389  3.45771989
  0.86002726  1.89789365  4.80700597  3.32628324  2.23129516  2.22911691
  2.83147407  0.94332682  3.3399305   0.70258502 -0.27164473  3.99845861
  1.30014854  2.23330623]
epsilon = 5.517479614362381e-10
Function evaluations: 7296
Gradient evaluations: 128
Warning: 0 (see https://docs.scipy.org/doc/scipy/reference/generated/scipy.optimize.fmin_cg.html for details)

L = 8:
theta0 = [4.8265985  4.83676709 4.70732916 0.63512324 0.77462767 6.14267989
 0.05037059 0.04479306 0.0872999  5.37732224 3.10236886 3.02080987
 5.8263918  0.41503983 0.98534043 0.44490851 2.90523066 4.82590373
 3.1736667  5.91179026 0.96619578 4.75690342 0.31045639 0.12911088
 6.09045425 1.5951907  4.29779432 3.07428612 6.26739056 4.17910203
 5.73870414 2.17282876 4.17180554 4.74269649 6.07090865 2.54446113
 5.74319737 4.39426574 3.25596587 5.3023326  3.11217799 5.76092595
 5.47676733 5.30908269 2.52461661 1.61397181 1.65116557 2.917123
 5.04602928 0.59512083 2.26994432 3.15571298 1.08190265 2.95427244
 1.24371568 1.68194359 2.64845014 2.00645639 3.52438602 0.02670616
 5.6787242  0.68103871 0.27180661 2.6110384 ]
theta_result = [ 4.8265985   4.83676709  4.70732916  0.63512324  1.31227769  5.76379969
  0.54622722 -0.57461119  0.097383    5.53277507  3.08794277  2.81016687
  5.73765647  0.50699321  0.93956825  0.53045952  2.70745001  3.96619148
  3.34809083  5.74670039  0.89723543  4.02435491  0.20105176  0.41575845
  5.85033307  2.25003288  4.55664474  2.87170835  5.61165287  4.38069619
  6.02015209  1.7887149   3.86233448  5.07201496  6.18079939  2.43116242
  5.94544605  4.11495835  4.2087344   5.8009811   2.89280326  5.89217311
  5.67197769  5.40065499  2.01223783  1.1866134   2.03538892  2.60194389
  5.16482097  0.12411973  2.16704681  3.30403155  0.8144167   2.96687334
  1.25410754  1.57614664  2.50674452  2.46993296  3.2853927  -0.29970512
  5.19961123  1.68768876  0.27001408  2.32696813]
epsilon = 3.150263697031302e-10
Function evaluations: 7150
Gradient evaluations: 110
Warning: 0 (see https://docs.scipy.org/doc/scipy/reference/generated/scipy.optimize.fmin_cg.html for details)

L = 9:
theta0 = [5.40660971 0.69722256 5.47615713 0.36079178 5.62301824 5.85214633
 0.4928863  5.31702253 2.24683032 5.06069495 0.92632859 2.95418991
 6.1863254  1.47380728 4.24198345 3.91892899 2.61340864 5.58661611
 5.36177437 0.29119049 2.91256308 2.41788599 2.64260156 1.83601898
 1.29051803 0.7803754  0.25345692 0.56205054 2.71482681 6.0250226
 2.54826708 3.47765925 0.28271948 5.91946533 4.63892295 0.90448682
 2.61137106 3.89219879 5.17495671 4.58343124 3.16163056 0.13108318
 4.76630886 3.40319442 4.08848886 0.88158691 0.63778904 0.86390296
 0.36354593 5.22888756 3.75980311 2.58141664 3.80700905 2.38320158
 1.77975464 3.14717919 0.52166714 4.12593899 4.67023686 1.10821255
 0.8120664  5.84425151 3.29357483 1.81916916 4.73972617 3.69923247
 2.91613488 3.05924635 6.08398677 4.0975392  3.02469143 0.62036716]
theta_result = [ 5.40660971  0.69722256  5.47615713  0.36079178  6.61850638  5.97541312
  0.23905545  5.01007147  2.31201996  4.69621299  1.00544046  2.96341204
  6.47611875  1.88394721  3.93737525  4.02120904  2.60850763  5.57159843
  5.56025474  0.10612479  3.07717599  2.67956302  2.61191213  1.43787243
  1.24445413  0.61210385  0.10923921  0.54411499  2.33865817  6.23898405
  2.04221639  3.64545982  0.15699225  5.80229287  5.25267551  1.01739115
  2.19378471  4.44640947  5.89518501  4.15115362  3.2750768   0.61081287
  5.00509181  3.10466941  4.32919223 -0.05642034  1.10574746  1.22865593
  0.29634825  5.64198155  3.79604951  2.38406496  3.79012966  2.16522945
  2.24933017  2.95983503  0.94870258  3.86054583  4.56491568  1.28724003
  1.04748289  5.62565411  2.67863109  1.63463103  4.68166827  3.99863002
  2.95368449  2.33432514  5.81585767  4.31723317  2.41709787  0.97478291]
epsilon = 2.943904352398779e-09
Function evaluations: 8468
Gradient evaluations: 116
Warning: 0 (see https://docs.scipy.org/doc/scipy/reference/generated/scipy.optimize.fmin_cg.html for details)

L = 10:
theta0 = [1.89828228 4.62691313 2.62768415 4.7257492  5.02854191 4.64642933
 2.00763964 3.82153486 0.06008508 3.29477212 3.51241017 0.33884001
 1.97321897 3.17742241 5.66095368 0.18593802 4.12797813 0.93424501
 5.16245884 5.77112984 2.00742764 5.85917952 5.25659754 2.92161086
 0.14822024 0.23193204 3.76230392 1.7401589  3.0702439  0.47146116
 1.96608334 5.62916316 3.06089353 0.46751901 2.26911952 5.4267248
 4.14655898 4.31307072 5.86126622 1.83372799 1.75740257 5.29997668
 1.55431018 2.94846048 3.34708378 0.96981881 3.91829586 0.23425315
 3.24193493 0.05526405 4.77870224 1.14795617 0.95675746 1.64510687
 5.09604914 3.5138422  1.56960026 1.03010554 0.2556347  2.15446407
 5.77552327 3.25570121 3.2602429  0.64648992 0.83524601 0.41341145
 0.60044721 0.62889225 6.21459035 1.72609785 3.55132776 3.90100978
 5.05697508 1.67542158 2.28948778 5.3421646  5.27466801 2.95592911
 2.06452203 3.52327596]
theta_result = [ 1.89828228  4.62691313  2.62768415  4.7257492   5.07953936  4.07157317
  1.86728898  3.53521898 -0.06009354  3.00561836  3.86103456  0.38843847
  1.89105107  2.81155404  5.31561725  0.11108573  4.36716272  1.18095434
  5.10580823  5.91032826  2.26344841  6.155631    5.40271437  3.12603891
  0.27961736  0.18882032  3.68051253  1.64797058  3.63769328  0.58554767
  1.87985538  6.25611481  2.92395208  0.20961283  2.23572499  5.54302607
  3.780245    4.22029275  5.68028619  1.94921632  1.73261922  5.40956379
  1.46320517  3.04386882  3.21083104  0.92693354  3.65523952  0.57543238
  3.27873627 -0.23675501  4.75672112  1.26088277  1.28300368  1.80108744
  4.77185583  3.16266294  1.75588254  0.7388119  -0.06366422  1.96444744
  5.81174243  3.09799291  3.55715502  0.29632389  0.29154734  0.61007702
  0.87984234  0.48075329  5.9154135   1.30404181  3.32309255  4.39920865
  4.58034038  1.81215551  2.16174899  5.04603738  5.38910564  2.77899734
  2.22777661  3.9818953 ]
epsilon = 3.1211327372574837e-09
Function evaluations: 10935
Gradient evaluations: 135
Warning: 0 (see https://docs.scipy.org/doc/scipy/reference/generated/scipy.optimize.fmin_cg.html for details)

