phi = Statevector([-0.01644963-0.20421869j, -0.16489277+0.02692442j,
             -0.08869658+0.01056742j,  0.3895525 -0.04405358j,
              0.09098673-0.24277659j,  0.08525826+0.0731779j ,
              0.16175791-0.03990204j, -0.37891894-0.42556742j,
             -0.06484228+0.02602199j, -0.05041551+0.10102235j,
             -0.16700987-0.02916523j, -0.19266005-0.00791035j,
             -0.24326608-0.19370258j,  0.13011218+0.13412412j,
              0.34547514-0.02100104j, -0.03426191-0.00362369j],
            dims=(2, 2, 2, 2))

L = 1:
theta0 = [5.43960787 4.33951541 4.4768319  6.07124645 3.95595793 4.31006925
 1.6798203  6.11868457]
theta_result = [5.43960787 4.33951541 4.4768319  6.07124645 3.95595793 4.31006925
 1.6798203  6.11868457]
epsilon = 2.032899258388299
Function evaluations: 9
Gradient evaluations: 1
Warning: 0 (see https://docs.scipy.org/doc/scipy/reference/generated/scipy.optimize.fmin_cg.html for details)

L = 2:
theta0 = [3.24604988 0.21194712 4.93794253 2.9625948  0.0866227  0.73785781
 1.56767025 6.09316035 2.38313365 3.31691999 2.72993652 3.27180893
 4.05116584 5.59507523 2.35473994 4.40339052]
theta_result = [3.24604988 0.21194712 4.93794253 2.9625948  0.0866227  0.73785781
 1.56767025 6.09316035 2.38313365 3.31691999 2.72993652 3.27180893
 4.05116584 5.59507523 2.35473994 4.40339052]
epsilon = 2.032899258388299
Function evaluations: 17
Gradient evaluations: 1
Warning: 0 (see https://docs.scipy.org/doc/scipy/reference/generated/scipy.optimize.fmin_cg.html for details)

L = 3:
theta0 = [1.52606575 4.58927201 5.10994821 5.68832078 1.108989   2.91970918
 3.54047185 4.10189841 4.83295341 5.00858327 1.36296256 1.07894736
 6.24357723 2.32414033 1.22090312 3.61859819 2.52875712 5.94857829
 2.3480854  4.93999136 1.17497493 2.77545149 5.05536418 3.13978873]
theta_result = [1.52606575 4.58927201 5.10994821 5.68832078 1.108989   2.91970918
 3.54047185 4.10189841 4.83295341 5.00858327 1.36296256 1.07894736
 6.24357723 2.32414033 1.22090312 3.61859819 2.52875712 5.94857829
 2.3480854  4.93999136 1.17497493 2.77545149 5.05536418 3.13978873]
epsilon = 2.032899258388299
Function evaluations: 25
Gradient evaluations: 1
Warning: 0 (see https://docs.scipy.org/doc/scipy/reference/generated/scipy.optimize.fmin_cg.html for details)

L = 4:
theta0 = [2.5274056  6.25158199 1.35365572 1.98678416 1.75053637 6.22352359
 3.99576214 3.62755988 2.83665241 2.89691122 3.31295752 0.15757093
 2.77897257 0.02648201 3.20719465 1.94665189 5.28208732 4.4231626
 2.52021569 2.65012259 0.86306125 0.04278125 4.28279177 2.5251806
 1.9441596  2.23234109 4.05563227 4.91729912 0.20133091 2.19200814
 1.81267938 2.6915379 ]
theta_result = [2.5274056  6.25158199 1.35365572 1.98678416 1.75053637 6.22352359
 3.99576214 3.62755988 2.83665241 2.89691122 3.31295752 0.15757093
 2.77897257 0.02648201 3.20719465 1.94665189 5.28208732 4.4231626
 2.52021569 2.65012259 0.86306125 0.04278125 4.28279177 2.5251806
 1.9441596  2.23234109 4.05563227 4.91729912 0.20133091 2.19200814
 1.81267938 2.6915379 ]
epsilon = 2.032899258388299
Function evaluations: 33
Gradient evaluations: 1
Warning: 0 (see https://docs.scipy.org/doc/scipy/reference/generated/scipy.optimize.fmin_cg.html for details)

L = 5:
theta0 = [5.34758078 2.98488032 0.99578554 0.11410466 4.89956667 5.16838111
 0.13296852 2.32580529 1.37509252 2.92155124 3.37429193 5.20256666
 4.04638321 4.93069275 4.20539337 4.15867793 5.40182593 4.34034296
 4.96833786 3.0476571  5.06298848 5.39783081 1.32825473 2.93622186
 2.92945631 3.40457495 2.98032393 3.99470822 1.56051841 1.32129351
 4.12846331 5.04011333 2.52463764 4.46540724 0.05772974 1.16883386
 3.75958135 6.09952666 3.50740616 6.11162322]
theta_result = [5.34758078 2.98488032 0.99578554 0.11410466 4.89956667 5.16838111
 0.13296852 2.32580529 1.37509252 2.92155124 3.37429193 5.20256666
 4.04638321 4.93069275 4.20539337 4.15867793 5.40182593 4.34034296
 4.96833786 3.0476571  5.06298848 5.39783081 1.32825473 2.93622186
 2.92945631 3.40457495 2.98032393 3.99470822 1.56051841 1.32129351
 4.12846331 5.04011333 2.52463764 4.46540724 0.05772974 1.16883386
 3.75958135 6.09952666 3.50740616 6.11162322]
epsilon = 2.032899258388299
Function evaluations: 41
Gradient evaluations: 1
Warning: 0 (see https://docs.scipy.org/doc/scipy/reference/generated/scipy.optimize.fmin_cg.html for details)

L = 6:
theta0 = [4.2422833  2.52123343 1.96037116 1.08905005 1.38020277 4.61464027
 2.21833469 1.00736694 3.98548676 1.86398609 3.59993504 3.95916611
 4.42966681 4.64479988 0.88083752 4.58019693 3.14266871 2.22849768
 6.24248571 0.748537   1.09698055 0.58369176 2.71751565 2.01270752
 0.59565856 4.0290735  1.79133812 5.61724246 5.90392708 2.13252551
 0.47813668 1.94679861 1.03879611 5.97165407 3.46877573 0.17538587
 1.30861306 5.2808022  0.59394609 2.8329196  1.94917137 4.98928387
 2.92862804 1.99341654 4.694085   3.29021577 3.68636355 2.15588179]
theta_result = [4.2422833  2.52123343 1.96037116 1.08905005 1.38020277 4.61464027
 2.21833469 1.00736694 3.98548676 1.86398609 3.59993504 3.95916611
 4.42966681 4.64479988 0.88083752 4.58019693 3.14266871 2.22849768
 6.24248571 0.748537   1.09698055 0.58369176 2.71751565 2.01270752
 0.59565856 4.0290735  1.79133812 5.61724246 5.90392708 2.13252551
 0.47813668 1.94679861 1.03879611 5.97165407 3.46877573 0.17538587
 1.30861306 5.2808022  0.59394609 2.8329196  1.94917137 4.98928387
 2.92862804 1.99341654 4.694085   3.29021577 3.68636355 2.15588179]
epsilon = 2.032899258388299
Function evaluations: 49
Gradient evaluations: 1
Warning: 0 (see https://docs.scipy.org/doc/scipy/reference/generated/scipy.optimize.fmin_cg.html for details)

L = 7:
theta0 = [4.66203916 3.10677198 1.74298102 3.67291004 6.05400361 0.08596571
 3.45787384 5.86348222 4.61605709 2.4943758  2.50802772 5.44566557
 2.47348011 3.54569155 1.18385381 3.9122496  3.29657776 0.78817696
 3.4234645  2.58464624 1.36996007 5.66371768 0.73239196 2.11147949
 5.82157365 6.21385863 6.13925276 6.09674724 5.39749152 2.48779276
 0.80244099 1.50763891 3.9136565  0.27129885 2.63930585 2.62413703
 5.39091771 0.6110705  4.33111827 2.65786633 3.23159944 3.54228447
 5.65723285 5.2275607  1.6131338  4.17545127 4.14998786 3.69214312
 5.77383851 2.95909455 2.28900103 1.27453788 5.2203097  5.77528432
 0.87042508 0.05250591]
theta_result = [4.66203916 3.10677198 1.74298102 3.67291004 6.05400361 0.08596571
 3.45787384 5.86348222 4.61605709 2.4943758  2.50802772 5.44566557
 2.47348011 3.54569155 1.18385381 3.9122496  3.29657776 0.78817696
 3.4234645  2.58464624 1.36996007 5.66371768 0.73239196 2.11147949
 5.82157365 6.21385863 6.13925276 6.09674724 5.39749152 2.48779276
 0.80244099 1.50763891 3.9136565  0.27129885 2.63930585 2.62413703
 5.39091771 0.6110705  4.33111827 2.65786633 3.23159944 3.54228447
 5.65723285 5.2275607  1.6131338  4.17545127 4.14998786 3.69214312
 5.77383851 2.95909455 2.28900103 1.27453788 5.2203097  5.77528432
 0.87042508 0.05250591]
epsilon = 2.032899258388299
Function evaluations: 57
Gradient evaluations: 1
Warning: 0 (see https://docs.scipy.org/doc/scipy/reference/generated/scipy.optimize.fmin_cg.html for details)

L = 8:
theta0 = [5.90415268 4.96079101 3.67178713 2.29623422 5.94136344 3.57458267
 0.51901859 5.98367795 0.2510784  2.18221664 0.00958418 3.29668862
 4.83480635 2.69703665 6.12165903 1.05643345 1.24150361 0.49754056
 2.66158876 1.24173409 0.07559175 3.7526822  0.84087024 6.13125124
 3.16007007 0.06917388 5.22515424 5.66453968 4.24080756 3.98638282
 0.14920233 1.0516926  5.38640474 1.23169479 2.25253281 5.31105449
 1.8265671  1.62049334 0.94386711 2.8464568  2.6804311  3.01902889
 0.18183069 0.89404924 2.38497698 2.32528337 2.15811022 4.61751578
 5.79117181 6.09179778 2.73029608 5.58485327 3.89535721 5.40667901
 2.02434018 2.58317916 2.89061317 3.02933577 4.03215518 3.93244653
 2.10255312 5.98386097 0.25005205 5.24104369]
theta_result = [5.90415268 4.96079101 3.67178713 2.29623422 5.94136344 3.57458267
 0.51901859 5.98367795 0.2510784  2.18221664 0.00958418 3.29668862
 4.83480635 2.69703665 6.12165903 1.05643345 1.24150361 0.49754056
 2.66158876 1.24173409 0.07559175 3.7526822  0.84087024 6.13125124
 3.16007007 0.06917388 5.22515424 5.66453968 4.24080756 3.98638282
 0.14920233 1.0516926  5.38640474 1.23169479 2.25253281 5.31105449
 1.8265671  1.62049334 0.94386711 2.8464568  2.6804311  3.01902889
 0.18183069 0.89404924 2.38497698 2.32528337 2.15811022 4.61751578
 5.79117181 6.09179778 2.73029608 5.58485327 3.89535721 5.40667901
 2.02434018 2.58317916 2.89061317 3.02933577 4.03215518 3.93244653
 2.10255312 5.98386097 0.25005205 5.24104369]
epsilon = 2.032899258388299
Function evaluations: 65
Gradient evaluations: 1
Warning: 0 (see https://docs.scipy.org/doc/scipy/reference/generated/scipy.optimize.fmin_cg.html for details)

L = 9:
theta0 = [5.5493128  2.14831686 3.95645547 0.66464743 1.52445626 2.48507652
 6.05045499 1.13589157 6.16885669 4.75815002 0.2742954  4.86972468
 2.90282754 3.34781701 1.69228246 1.77069926 3.24827283 1.47054687
 5.42109358 3.66244686 5.23307135 4.22941676 5.59218707 4.96385171
 3.65086229 6.03768559 4.73751423 4.40745593 3.89127946 4.14002812
 4.52573701 4.16788527 0.59610843 4.57911935 3.93915518 0.55688355
 3.68154737 5.54348833 1.48330157 1.26831945 4.70334934 4.28632726
 3.96157573 5.338879   5.8342486  2.36854386 1.2463629  2.91522743
 3.37072537 0.42736909 4.85674188 0.80883717 4.56193524 0.0517886
 5.75196466 4.3591084  3.04658254 0.68477926 3.81561949 0.57547407
 2.32852108 3.43323935 1.51609623 4.8398704  2.20539755 2.63520304
 3.39288479 5.23123026 3.89041373 3.8152678  3.74380456 3.44559137]
theta_result = [5.5493128  2.14831686 3.95645547 0.66464743 1.52445626 2.48507652
 6.05045499 1.13589157 6.16885669 4.75815002 0.2742954  4.86972468
 2.90282754 3.34781701 1.69228246 1.77069926 3.24827283 1.47054687
 5.42109358 3.66244686 5.23307135 4.22941676 5.59218707 4.96385171
 3.65086229 6.03768559 4.73751423 4.40745593 3.89127946 4.14002812
 4.52573701 4.16788527 0.59610843 4.57911935 3.93915518 0.55688355
 3.68154737 5.54348833 1.48330157 1.26831945 4.70334934 4.28632726
 3.96157573 5.338879   5.8342486  2.36854386 1.2463629  2.91522743
 3.37072537 0.42736909 4.85674188 0.80883717 4.56193524 0.0517886
 5.75196466 4.3591084  3.04658254 0.68477926 3.81561949 0.57547407
 2.32852108 3.43323935 1.51609623 4.8398704  2.20539755 2.63520304
 3.39288479 5.23123026 3.89041373 3.8152678  3.74380456 3.44559137]
epsilon = 2.032899258388299
Function evaluations: 73
Gradient evaluations: 1
Warning: 0 (see https://docs.scipy.org/doc/scipy/reference/generated/scipy.optimize.fmin_cg.html for details)

L = 10:
theta0 = [2.31171725 5.41978434 3.88447388 2.52953062 4.65991318 4.64833269
 2.02267655 0.9362661  2.57631946 4.3087273  3.31715087 0.40940247
 3.1830459  4.13193349 2.59336787 5.20668507 5.2690077  4.75098938
 5.39426016 4.19806949 2.53804276 5.60765485 6.25036959 1.05924398
 3.74852103 0.69875109 2.33642465 5.80269789 5.48775858 0.62181927
 3.98587263 1.61561485 0.19238168 0.56260617 0.06321093 3.61281496
 1.35265482 5.54602924 4.51997697 5.91083226 0.35873026 1.17575793
 3.7346535  0.26007697 4.91619373 0.05452002 5.88448682 5.51631414
 3.61279826 0.95809907 3.1483406  3.40677944 1.73937465 2.98259852
 4.01795413 1.13287148 5.79955276 2.32605873 5.62487336 1.50818669
 0.08044925 3.19927883 1.65430913 5.16298107 5.71828931 0.89340344
 1.70066759 6.03101071 0.07510393 0.88341325 0.6976856  3.91830717
 0.08180016 0.22664539 0.89477623 5.47787863 3.6839772  2.4468084
 6.16876308 1.84166473]
theta_result = [2.31171725 5.41978434 3.88447388 2.52953062 4.65991318 4.64833269
 2.02267655 0.9362661  2.57631946 4.3087273  3.31715087 0.40940247
 3.1830459  4.13193349 2.59336787 5.20668507 5.2690077  4.75098938
 5.39426016 4.19806949 2.53804276 5.60765485 6.25036959 1.05924398
 3.74852103 0.69875109 2.33642465 5.80269789 5.48775858 0.62181927
 3.98587263 1.61561485 0.19238168 0.56260617 0.06321093 3.61281496
 1.35265482 5.54602924 4.51997697 5.91083226 0.35873026 1.17575793
 3.7346535  0.26007697 4.91619373 0.05452002 5.88448682 5.51631414
 3.61279826 0.95809907 3.1483406  3.40677944 1.73937465 2.98259852
 4.01795413 1.13287148 5.79955276 2.32605873 5.62487336 1.50818669
 0.08044925 3.19927883 1.65430913 5.16298107 5.71828931 0.89340344
 1.70066759 6.03101071 0.07510393 0.88341325 0.6976856  3.91830717
 0.08180016 0.22664539 0.89477623 5.47787863 3.6839772  2.4468084
 6.16876308 1.84166473]
epsilon = 2.032899258388299
Function evaluations: 81
Gradient evaluations: 1
Warning: 0 (see https://docs.scipy.org/doc/scipy/reference/generated/scipy.optimize.fmin_cg.html for details)

